883.3301391601562 78.11979675292969
884.1524047851562 75.13858032226562
885.5053100585938 72.4722900390625
887.728271484375 70.32234954833984
889.9478759765625 68.16901397705078
892.1344604492188 65.98207092285156
894.3209838867188 63.79513168334961
896.5078735351562 61.608489990234375
898.9025268554688 59.727386474609375
901.7400512695312 58.49761199951172
904.4861450195312 57.0869026184082
907.053955078125 55.39510726928711
909.2410278320312 53.20867919921875
911.4278564453125 51.02202606201172
913.7036743164062 48.970340728759766
916.574951171875 47.82168197631836
918.692138671875 45.72673797607422
920.4525146484375 43.18414306640625
923.3887939453125 42.26902389526367
926.3010864257812 41.307125091552734
928.4278564453125 39.061981201171875
931.0050659179688 37.44843292236328
933.7745971679688 36.07913589477539
936.2190551757812 36.341773986816406
938.6090087890625 37.71564865112305
941.5674438476562 36.81491470336914
944.05029296875 38.59037399291992
946.3540649414062 38.09482955932617
948.8355712890625 36.303199768066406
951.330078125 34.696319580078125
950.0103759765625 33.226627349853516
946.9762573242188 33.759552001953125
943.8915405273438 33.539451599121094
940.8699951171875 32.95391082763672
940.2449340820312 30.87323760986328
942.1240844726562 28.6191349029541
942.8353271484375 27.203022003173828
941.1630859375 25.416030883789062
943.12060546875 24.33998680114746
944.0241088867188 21.481517791748047
946.0004272460938 19.116466522216797
948.4650268554688 17.361202239990234
951.3626708984375 16.28679656982422
953.6411743164062 14.697643280029297
955.4480590820312 12.187868118286133
958.28759765625 11.006647109985352
959.671875 11.534887313842773
960.4530029296875 14.069626808166504
962.7164916992188 16.172922134399414
962.1014404296875 18.839744567871094
962.6286010742188 20.33989715576172
965.2737426757812 19.48758316040039
964.830078125 22.523948669433594
964.274169921875 25.31537628173828
961.6838989257812 27.00482749938965
963.2386474609375 27.826396942138672
965.6401977539062 26.309703826904297
968.46728515625 27.129703521728516
969.7470703125 25.897689819335938
971.9141235351562 28.036827087402344
973.8094482421875 30.45963478088379
975.8782348632812 32.046443939208984
978.131103515625 30.13086700439453
978.6889038085938 31.679853439331055
979.584228515625 34.28779602050781
976.49169921875 34.28779602050781
977.8630981445312 36.07155990600586
978.5946655273438 38.09572219848633
977.4192504882812 40.8079833984375
974.3383178710938 41.07564163208008
972.0887451171875 43.026790618896484
970.1282958984375 45.39313507080078
968.8399658203125 48.204532623291016
966.3441162109375 49.67064666748047
963.4441528320312 49.49862289428711
960.424560546875 49.11979675292969
958.2067260742188 50.77214813232422
956.5202026367188 53.33308410644531
957.7470703125 56.13599395751953
957.7470703125 59.228538513183594
956.1318359375 61.65202331542969
953.81787109375 61.87968826293945
951.36669921875 62.24552536010742
948.458251953125 62.78679656982422
945.8472900390625 61.437461853027344
943.8548583984375 61.187095642089844
944.4180908203125 63.37723922729492
943.1577758789062 64.90008544921875
945.4130859375 66.09111785888672
946.5775756835938 68.70130157470703
949.1655883789062 69.3770523071289
952.1790771484375 68.78679656982422
953.905517578125 70.22637176513672
954.959716796875 70.99016571044922
957.146484375 72.10417175292969
959.3331909179688 74.29090881347656
961.0894775390625 76.72830200195312
961.9117431640625 79.70951080322266
962.5311889648438 82.7362289428711
962.1228637695312 85.60276794433594
960.5018310546875 88.23639678955078
957.7168579101562 88.78679656982422
954.8700561523438 89.98381805419922
953.2320556640625 92.41548156738281
955.314208984375 91.99828338623047
957.2113037109375 92.32266235351562
955.2200317382812 94.68882751464844
957.0272216796875 96.47982025146484
958.830078125 94.62571716308594
959.6993408203125 91.96783447265625
962.5087280273438 91.0809097290039
965.2531127929688 90.19715118408203
967.1831665039062 87.81006622314453
969.973876953125 87.4522476196289
973.0377197265625 87.0733871459961
975.6630859375 87.4182357788086
976.8870849609375 89.28679656982422
979.2767333984375 88.12202453613281
982.1168823242188 87.70379638671875
984.4807739257812 85.90497589111328
987.275390625 86.39439392089844
989.7196044921875 85.95356750488281
991.5014038085938 86.68746948242188
993.22802734375 89.1857681274414
994.4970703125 91.75264739990234
993.6702880859375 94.28535461425781
990.9978637695312 95.64363098144531
989.6954956054688 98.44855499267578
987.56298828125 99.95279693603516
984.9276123046875 100.80699920654297
986.4307250976562 102.72821807861328
987.9055786132812 104.54331970214844
988.2808837890625 106.99528503417969
989.973388671875 109.58358001708984
990.6483764648438 112.59870910644531
991.1630859375 115.63562774658203
991.1630859375 118.72815704345703
991.3449096679688 121.80143737792969
991.9928588867188 124.82533264160156
993.0401611328125 127.72437286376953
993.9906005859375 130.64645385742188
994.4684448242188 133.70184326171875
995.2245483398438 136.6910400390625
996.173583984375 139.6343536376953
998.2548217773438 141.84156799316406
999.4970703125 144.37860107421875
999.4970703125 147.47116088867188
1000.1708984375 150.48072814941406
1000.9210205078125 153.4809112548828
1002.5579223632812 156.01104736328125
1004.6575317382812 158.28024291992188
1004.7546997070312 160.40174865722656
1002.32763671875 161.61810302734375
999.5333862304688 160.6011199951172
996.587890625 161.54336547851562
994.9170532226562 163.89341735839844
993.687744140625 166.7311248779297
991.9247436523438 169.27047729492188
990.1798095703125 171.80152893066406
991.853759765625 174.12152099609375
991.00439453125 177.0951385498047
990.6640625 180.1400146484375
992.00244140625 182.8338165283203
993.4970703125 185.48109436035156
992.7859497070312 187.44998168945312
990.0648803710938 186.02146911621094
987.8300170898438 183.96673583984375
986.4414672851562 185.29150390625
987.5381469726562 188.18304443359375
987.830078125 191.2220916748047
989.8243408203125 193.03639221191406
989.5736083984375 194.87625122070312
987.2033081054688 196.6197967529297
985.830078125 198.33914184570312
985.491455078125 201.2914276123047
984.5007934570312 203.62542724609375
986.091796875 206.27731323242188
988.1268310546875 208.58253479003906
990.3135375976562 210.76925659179688
992.5003051757812 212.9560089111328
994.1349487304688 215.4187469482422
994.5718383789062 218.4802703857422
994.9935913085938 221.5438995361328
996.7891845703125 223.64382934570312
999.5249633789062 225.0857391357422
1001.75634765625 227.21209716796875
1004.5420532226562 227.95278930664062
1006.9727172851562 227.52139282226562
1005.9130859375 224.65223693847656
1007.428955078125 222.1878662109375
1008.831787109375 219.78753662109375
1011.0185546875 221.97427368164062
1013.0596313476562 224.2405548095703
1013.7163696289062 227.26254272460938
1015.9324340820312 229.2413787841797
1018.5333862304688 230.8684539794922
1021.5516357421875 231.54214477539062
1023.9873657226562 230.21153259277344
1026.9794921875 230.10226440429688
1029.166259765625 232.2890167236328
1029.51025390625 234.8368682861328
1027.5472412109375 236.83767700195312
1025.72802734375 238.37640380859375
1026.47802734375 241.37660217285156
1028.0478515625 244.0372314453125
1029.638916015625 246.6890106201172
1032.32568359375 247.85227966308594
1034.7178955078125 249.673583984375
1037.4739990234375 250.22007751464844
1040.5452880859375 249.8585205078125
1043.09228515625 251.3290557861328
1044.9656982421875 253.6585235595703
1044.691650390625 256.1003112792969
1042.1043701171875 257.7943115234375
1040.1783447265625 260.0523681640625
1039.2733154296875 262.9153747558594
1039.8065185546875 265.9615783691406
1040.3603515625 268.99969482421875
1042.0367431640625 271.59844970703125
1043.74951171875 274.15185546875
1046.6318359375 275.2545166015625
1049.1263427734375 276.8924865722656
1052.132568359375 277.61834716796875
1052.4586181640625 279.8374328613281
1049.3944091796875 280.2552185058594
1049.1630859375 283.1458435058594
1047.964599609375 285.98406982421875
1048.5692138671875 288.947265625
1049.3970947265625 291.92694091796875
1052.0111083984375 293.32269287109375
1054.2728271484375 295.3970642089844
1056.4598388671875 297.58355712890625
1058.6995849609375 299.71588134765625
1060.0206298828125 302.310302734375
1060.4044189453125 305.37890625
1061.0401611328125 308.4018859863281
1061.7562255859375 311.410400390625
1062.406494140625 314.4328308105469
1062.969970703125 317.4736022949219
1062.9970703125 320.5636291503906
1061.3980712890625 318.7730712890625
1058.4677734375 318.4527893066406
1055.4805908203125 318.0166320800781
1052.835693359375 316.45843505859375
1050.573974609375 314.4527893066406
1047.4859619140625 314.4416809082031
1045.2991943359375 312.25494384765625
1042.7161865234375 310.638671875
1039.903564453125 309.3529052734375
1037.07177734375 308.1108093261719
1034.224853515625 306.9031677246094
1031.447021484375 305.5496520996094
1028.7103271484375 304.109375
1026.2578125 302.33935546875
1024.1981201171875 300.08709716796875
1021.5584716796875 298.53204345703125
1018.5292358398438 297.9123229980469
1015.569091796875 297.0171813964844
1012.6089477539062 296.1220397949219
1009.7949829101562 294.8740539550781
1007.0689697265625 293.41375732421875
1004.482421875 291.7207336425781
1002.089111328125 289.8412170410156
1000.6160278320312 287.1220703125
998.6487426757812 284.77154541015625
996.4620361328125 282.5848083496094
994.3013916015625 280.3725891113281
992.168701171875 278.1330871582031
991.9962158203125 275.1091613769531
990.2734375 272.73016357421875
989.3746337890625 269.9092102050781
988.3212890625 267.0982971191406
986.5338745117188 264.5746154785156
983.652099609375 263.7076110839844
984.1370239257812 261.311767578125
985.656494140625 258.6575622558594
984.4918823242188 255.96119689941406
986.086669921875 253.69613647460938
986.4260864257812 251.07334899902344
985.4479370117188 248.1395721435547
984.9102783203125 245.0986785888672
984.369140625 242.0584716796875
983.4151000976562 239.1167755126953
982.4265747070312 236.193115234375
980.5552978515625 233.73098754882812
979.0785522460938 231.08128356933594
978.35009765625 228.07577514648438
977.5527954101562 225.08859252929688
976.6906127929688 222.11868286132812
975.6062622070312 219.2252197265625
974.520751953125 216.33111572265625
973.5667114257812 213.38941955566406
972.288818359375 210.666748046875
970.7703247070312 208.25888061523438
970.9287719726562 205.20700073242188
971.7948608398438 202.2382354736328
971.8300170898438 199.1507568359375
971.1981201171875 196.31996154785156
969.2958984375 193.92471313476562
967.8690185546875 191.18101501464844
965.04541015625 190.622314453125
962.4532470703125 189.07456970214844
960.4286499023438 186.74459838867188
958.2860717773438 184.5748748779297
955.6630249023438 182.94332885742188
955.6630249023438 179.85079956054688
957.3762817382812 177.4954376220703
958.0589599609375 175.3477783203125
955.8721923828125 176.9086456298828
953.3286743164062 178.6185760498047
951.4970092773438 180.62387084960938
951.286865234375 183.67828369140625
951.1182250976562 186.35443115234375
953.3609619140625 188.4827423095703
955.5476684570312 190.6694793701172
957.7344360351562 192.85623168945312
960.6494750976562 193.2848358154297
961.1109008789062 195.446044921875
958.7218627929688 196.62257385253906
959.47802734375 198.932861328125
960.1630249023438 201.74166870117188
960.1630249023438 204.83419799804688
961.3078002929688 207.69775390625
961.921142578125 210.68344116210938
962.08349609375 213.77171325683594
961.7039794921875 216.7939453125
960.7511596679688 218.50564575195312
959.5162963867188 215.71348571777344
956.7501831054688 214.3304443359375
956.6637573242188 217.28192138671875
955.305908203125 217.0957794189453
953.1192016601562 214.90902709960938
951.5543823242188 212.28501892089844
949.5701293945312 209.9746551513672
947.3040161132812 207.87026977539062
947.1773071289062 208.99229431152344
947.456298828125 211.90919494628906
946.4387817382812 214.78785705566406
943.3462524414062 214.78785705566406
941.9970092773438 216.53115844726562
941.4263916015625 219.54721069335938
940.6126708984375 222.53077697753906
938.7831420898438 224.97996520996094
938.7291870117188 228.0277862548828
938.7996215820312 231.11952209472656
940.291748046875 233.4293670654297
941.697509765625 235.691650390625
941.3681030273438 238.76658630371094
942.8090209960938 241.4226837158203
944.3300170898438 244.06851196289062
944.3300170898438 247.16104125976562
944.5321044921875 250.23953247070312
944.958740234375 253.30247497558594
945.9564208984375 256.08123779296875
947.9970092773438 258.3285217285156
948.2086181640625 261.3334655761719
950.42138671875 263.4408264160156
953.2298583984375 262.4525146484375
955.4667358398438 260.31817626953125
958.3258666992188 260.03350830078125
958.1630249023438 263.1217346191406
955.4970092773438 264.2541809082031
955.4970092773438 267.3467102050781
953.5396728515625 268.7809753417969
950.4985961914062 269.2956848144531
951.1047973632812 272.3282165527344
951.6150512695312 275.3607177734375
950.4370727539062 277.9263000488281
947.9970092773438 279.398193359375
947.98388671875 282.4884338378906
946.9146118164062 285.39031982421875
944.0234375 286.0812683105469
942.2478637695312 284.3168640136719
942.4088134765625 281.3214111328125
944.4054565429688 279.42755126953125
944.2493896484375 277.8172607421875
941.3672485351562 278.93841552734375
938.314697265625 279.4289245605469
936.85791015625 281.5589904785156
934.0531005859375 282.8616027832031
931.9205322265625 285.033447265625
929.318603515625 286.4143371582031
926.9091186523438 288.207763671875
925.611328125 290.94384765625
926.19091796875 293.92822265625
928.1319580078125 296.2558898925781
926.088623046875 298.5211181640625
923.2328491210938 297.567138671875
923.1638793945312 299.4932861328125
922.41015625 302.0397033691406
920.1951904296875 304.197265625
917.6612548828125 305.619873046875
915.1190185546875 307.0348815917969
915.9598999023438 309.5596923828125
915.6470336914062 311.49298095703125
912.837890625 312.452880859375
909.9166259765625 312.8662109375
907.7298583984375 315.052978515625
905.5430908203125 317.23974609375
903.5813598632812 319.6012268066406
902.004638671875 322.2615966796875
900.0147094726562 324.6011657714844
898.1349487304688 327.0091247558594
896.7520751953125 329.7752685546875
895.7366943359375 332.6459045410156
895.4567260742188 335.7257080078125
896.0870361328125 338.6337890625
897.4702758789062 341.3997497558594
896.642822265625 343.8070373535156
895.269775390625 346.4072570800781
894.7925415039062 349.4627380371094
895.4868774414062 352.39007568359375
897.0372924804688 354.99285888671875
897.9676513671875 357.3340148925781
896.4969482421875 360.0191650390625
896.4969482421875 363.1116943359375
896.4969482421875 366.2042236328125
896.4969482421875 369.296875
896.005859375 372.3313293457031
895.4969482421875 375.3636474609375
895.4969482421875 378.4561767578125
896.4589233398438 381.17669677734375
897.1639404296875 383.99658203125
897.1639404296875 387.089111328125
897.1639404296875 390.181640625
896.4417724609375 393.18017578125
895.6639404296875 396.1715087890625
895.6639404296875 399.2640380859375
894.8558349609375 402.1327819824219
893.2648315429688 404.78466796875
893.1639404296875 407.8492126464844
892.540771484375 410.8319091796875
892.241455078125 413.7117919921875
893.742431640625 416.1608581542969
896.5529174804688 415.47991943359375
899.116455078125 414.2028503417969
901.7315673828125 413.0502624511719
903.9183349609375 410.8635559082031
906.1051025390625 410.56097412109375
908.6791381835938 412.2104187011719
909.1912231445312 415.11785888671875
910.78955078125 417.7443542480469
912.9762573242188 418.8065490722656
914.1640014648438 416.2060241699219
912.4732666015625 414.22845458984375
911.8300170898438 411.5601501464844
913.6640014648438 409.72442626953125
915.0225219726562 412.1376953125
917.5385131835938 413.1603088378906
917.6640014648438 416.20086669921875
918.4444580078125 418.14068603515625
920.9970092773438 416.7764587402344
922.0435180664062 414.0264892578125
924.179443359375 412.08648681640625
925.9876708984375 412.24713134765625
925.2835083007812 409.5733337402344
923.627197265625 406.9949035644531
922.1504516601562 404.27789306640625
922.5457763671875 402.1116638183594
925.0736694335938 400.3771667480469
927.6759643554688 398.9432678222656
930.7135620117188 398.45379638671875
933.8060913085938 398.45379638671875
936.8803100585938 398.7699279785156
939.3167114257812 400.44049072265625
942.3650512695312 399.9674987792969
945.4039306640625 399.4570007324219
948.01806640625 399.6408386230469
948.2892456054688 401.8276062011719
946.2298583984375 404.1097412109375
947.0586547851562 405.4538269042969
950.1511840820312 405.4538269042969
951.8932495117188 407.28277587890625
953.9343872070312 409.55718994140625
956.7732543945312 409.8127746582031
959.1820068359375 411.3210754394531
960.6217651367188 414.0579833984375
961.0382080078125 417.0909423828125
961.2816162109375 420.17388916015625
962.0958862304688 423.1430969238281
963.0518188476562 426.08416748046875
964.4398803710938 428.81072998046875
966.20458984375 431.3503112792969
968.2219848632812 433.6787414550781
970.40869140625 435.865478515625
972.5950317382812 438.0527038574219
973.60888671875 440.93572998046875
975.714111328125 443.1708984375
977.6409912109375 445.5579833984375
979.1991577148438 448.22943115234375
980.3568725585938 451.0849609375
982.04052734375 453.6789855957031
983.8668823242188 456.157470703125
985.8300170898438 458.4366149902344
985.8300170898438 461.5291442871094
985.8300170898438 464.6216735839844
985.4035034179688 467.67889404296875
984.8950805664062 470.7293395996094
985.6182861328125 473.6986999511719
986.5222778320312 476.6561584472656
986.5933837890625 479.7265930175781
986.5097045898438 482.8179931640625
987.4275512695312 485.73980712890625
988.462646484375 488.650634765625
989.2124633789062 491.6509094238281
989.9131469726562 494.6623229980469
990.5398559570312 497.690673828125
991.0408325195312 500.74176025390625
991.5111083984375 503.79833984375
991.6630249023438 506.8792724609375
991.6630249023438 509.9718017578125
991.1043701171875 512.9823608398438
990.6630249023438 516.01025390625
990.6630249023438 519.102783203125
990.6630249023438 522.1953125
990.6630249023438 525.287841796875
990.6630249023438 528.38037109375
990.2489013671875 531.4385986328125
989.740478515625 534.4890747070312
990.0826416015625 537.5413818359375
990.5777587890625 540.5940551757812
990.5565795898438 543.6774291992188
990.4279174804688 546.7672729492188
990.3300170898438 549.8577880859375
990.3300170898438 552.9503173828125
988.7291259765625 555.5955810546875
987.1264038085938 558.2403564453125
985.799560546875 561.0322875976562
984.4566650390625 563.8170166015625
982.9966430664062 566.543212890625
980.6494750976562 567.7879028320312
977.7431030273438 568.7550659179688
974.944580078125 570.0542602539062
972.2442626953125 571.3483276367188
970.0800170898438 569.7025146484375
968.9537353515625 567.0765991210938
967.6517333984375 569.6221313476562
967.5790405273438 572.6992797851562
965.51220703125 570.802001953125
963.9970092773438 570.2365112304688
963.621337890625 573.2991333007812
963.6163330078125 576.3352661132812
963.6084594726562 579.3298950195312
962.2691040039062 582.01318359375
961.6630249023438 584.8546142578125
960.670166015625 586.9008178710938
957.8490600585938 586.138916015625
957.781005859375 583.4225463867188
958.869873046875 580.5391845703125
960.2528686523438 577.773193359375
960.3300170898438 574.6989135742188
959.2368774414062 571.8394775390625
957.531982421875 569.3211669921875
955.3449096679688 567.1347045898438
953.1604614257812 564.9464111328125
952.0337524414062 562.0664672851562
950.1957397460938 559.6516723632812
947.8422241210938 557.7346801757812
945.48095703125 556.3327026367188
945.7396850585938 553.3762817382812
947.9266357421875 551.1895751953125
949.3300170898438 548.6785888671875
949.9429321289062 545.83984375
952.2529907226562 543.8244018554688
955.0613403320312 543.0305786132812
957.7625732421875 543.021484375
959.7830810546875 540.7149658203125
960.793212890625 537.9685668945312
959.12646484375 535.3637084960938
958.90478515625 532.60986328125
959.2649536132812 529.7431030273438
957.9945678710938 526.92529296875
957.7261962890625 523.8444213867188
956.2603759765625 521.215576171875
955.699951171875 518.474365234375
955.0609130859375 515.669921875
953.8748779296875 512.850830078125
952.8931274414062 509.9941711425781
950.7604370117188 507.754638671875
951.4009399414062 505.5489807128906
952.4970092773438 502.9104309082031
951.81298828125 500.1012878417969
949.6260986328125 497.9146728515625
947.7650146484375 495.5316467285156
945.7155151367188 494.11895751953125
942.84912109375 495.01129150390625
940.3770141601562 496.6850891113281
939.4815063476562 499.64410400390625
937.8607788085938 502.2779235839844
936.1361083984375 504.8393249511719
934.229736328125 507.2743835449219
934.5750122070312 510.1127014160156
934.261962890625 512.682861328125
931.8578491210938 514.6281127929688
929.1954345703125 516.195556640625
926.357177734375 517.3872680664062
924.6725463867188 519.5527954101562
922.5164184570312 520.7849731445312
919.6577758789062 519.9136962890625
916.8915405273438 518.5578002929688
915.6640014648438 516.330078125
914.8754272460938 513.5955200195312
912.5747680664062 511.53057861328125
910.2249755859375 509.6303405761719
907.2337036132812 508.88232421875
904.9420166015625 510.6838073730469
901.9496459960938 509.9031066894531
898.9583740234375 509.1180725097656
895.9098510742188 509.2864990234375
892.8401489257812 509.6189880371094
889.7476196289062 509.6189880371094
887.3414916992188 511.275390625
884.4960327148438 512.4305419921875
881.56689453125 513.16552734375
878.534423828125 512.55908203125
876.3936157226562 510.77520751953125
874.9362182617188 508.0581359863281
872.7499389648438 505.8709411621094
870.2445678710938 504.069580078125
868.336181640625 501.6973571777344
865.77294921875 500.1365966796875
862.722412109375 499.6286926269531
861.4971313476562 496.819091796875
859.5853881835938 494.514404296875
857.1511840820312 492.60711669921875
854.9644165039062 490.4203796386719
852.1511840820312 489.3132629394531
850.2167358398438 487.3426513671875
848.5208129882812 485.0137634277344
845.804443359375 483.5943603515625
843.3956909179688 481.8760681152344
840.3184204101562 481.5677185058594
837.2400512695312 481.28497314453125
834.1475219726562 481.28497314453125
831.4105224609375 482.6868591308594
828.5325317382812 483.20867919921875
825.4821166992188 482.69989013671875
822.540771484375 483.4736022949219
819.5292358398438 483.9529724121094
816.5455322265625 484.2848205566406
814.0536499023438 486.1163330078125
811.561767578125 487.9478454589844
809.3464965820312 490.1014099121094
806.8300170898438 491.8616638183594
804.1635131835938 493.42803955078125
801.8421020507812 495.4404602050781
800.3048095703125 498.0286865234375
799.3270263671875 500.96258544921875
798.2355346679688 503.85479736328125
798.621826171875 506.5052795410156
800.801513671875 506.56646728515625
803.1049194335938 506.5603942871094
805.2913818359375 508.7474060058594
806.83349609375 511.29913330078125
807.5835571289062 514.29931640625
806.946044921875 517.1641235351562
806.2153930664062 520.13671875
805.7879638671875 523.1995849609375
805.4969482421875 526.2719116210938
805.4969482421875 529.3644409179688
804.5198974609375 532.2719116210938
804.0072631835938 535.1184692382812
805.4283447265625 537.8651123046875
807.2192993164062 540.34130859375
807.6629638671875 543.2501220703125
806.8076171875 545.6973876953125
804.0282592773438 546.767333984375
802.81005859375 549.6098022460938
801.3365478515625 552.2794189453125
799.1497802734375 554.4661865234375
796.4036254882812 555.7745971679688
793.4972534179688 556.8314208984375
790.4351196289062 556.7318115234375
787.3527221679688 556.4818725585938
784.3071899414062 555.9545288085938
781.423828125 556.262939453125
778.7670288085938 557.8457641601562
776.081787109375 559.3796997070312
773.3740844726562 559.6973266601562
770.61279296875 558.3114013671875
767.714111328125 557.3359985351562
764.8837280273438 558.58203125
762.4195556640625 560.3634033203125
760.2328491210938 562.5501098632812
758.046142578125 564.73681640625
756.9571533203125 567.5711059570312
755.8734130859375 570.40869140625
753.6870727539062 572.5958251953125
751.205810546875 574.4305419921875
748.58154296875 576.0482177734375
745.7814331054688 577.36083984375
743.2401733398438 579.0428466796875
741.053466796875 581.2296142578125
738.8663940429688 583.416015625
736.1336669921875 584.2850341796875
733.0411376953125 584.2850341796875
730.0704956054688 585.0897827148438
727.0833740234375 585.7850341796875
723.9908447265625 585.7850341796875
720.899169921875 585.798095703125
717.8339233398438 586.2076416015625
714.8212890625 586.0611572265625
711.887451171875 585.083251953125
710.2349243164062 582.587890625
708.084716796875 580.3739624023438
705.0977783203125 580.1190795898438
702.0052490234375 580.1190795898438
698.938720703125 579.7532958984375
695.8773193359375 579.3156127929688
693.2283325195312 577.7994384765625
690.166259765625 578.232421875
687.1041870117188 578.6654052734375
684.0260009765625 578.8690795898438
680.9334716796875 578.8690795898438
678.74072265625 581.0413208007812
676.3866577148438 582.9259643554688
673.373291015625 583.6213989257812
670.38720703125 584.4232788085938
667.3713989257812 584.8593139648438
664.28955078125 584.6025390625
661.3078002929688 583.9432983398438
658.4654541015625 582.7247924804688
656.26708984375 580.5552368164062
654.768310546875 577.8829956054688
653.4409790039062 575.08984375
651.2704467773438 572.8920288085938
648.6839599609375 571.320068359375
645.7831420898438 570.2871704101562
642.6906127929688 570.2871704101562
639.6713256835938 570.8546142578125
636.7879028320312 571.2422485351562
634.6004638671875 569.0562133789062
631.8263549804688 568.2871704101562
628.7338256835938 568.2871704101562
625.9721069335938 567.28271484375
623.4866943359375 565.4634399414062
621.2994995117188 567.6498413085938
619.1131591796875 569.8369750976562
617.708251953125 572.5826416015625
616.0031127929688 575.1140747070312
614.481689453125 577.637939453125
614.0112915039062 580.6945190429688
615.9171752929688 583.0906372070312
616.0809936523438 586.123779296875
617.622802734375 588.5780029296875
618.9970092773438 591.1016235351562
618.7958374023438 594.0859375
616.214599609375 595.7891845703125
613.8545532226562 597.7636108398438
611.6677856445312 599.9503784179688
608.7147827148438 600.2871704101562
605.6222534179688 600.2871704101562
602.5554809570312 600.0858764648438
599.5621337890625 599.3088989257812
596.5303344726562 599.5302734375
593.5042724609375 599.7551879882812
590.5460815429688 598.8547973632812
587.6226806640625 597.8460693359375
585.0262451171875 596.3143310546875
582.83935546875 594.1276245117188
580.6522827148438 591.9412231445312
577.8657836914062 590.7539672851562
574.9525756835938 590.8482055664062
572.0883178710938 592.0142822265625
569.8406982421875 590.1287231445312
567.2594604492188 588.5178833007812
564.653564453125 588.4632568359375
562.4537963867188 590.6190795898438
559.3612670898438 590.6190795898438
558.0205688476562 593.0497436523438
555.6986694335938 594.1190795898438
552.7195434570312 594.5081787109375
550.1104736328125 596.1685180664062
547.5548706054688 597.8952026367188
545.3681030273438 600.0819702148438
542.6364135742188 600.9530639648438
540.8607177734375 602.5445556640625
539.3775634765625 604.7149047851562
536.4251708984375 605.52490234375
534.2384033203125 607.711669921875
531.3159790039062 608.0355834960938
528.302001953125 608.2490844726562
525.6033325195312 609.7593383789062
523.2388305664062 611.7109375
520.483642578125 612.1056518554688
517.5451049804688 611.4208984375
515.9672241210938 608.7611694335938
514.477294921875 606.0512084960938
513.60791015625 603.091552734375
511.7564697265625 604.0272216796875
509.1664123535156 605.5930786132812
506.2763366699219 606.545166015625
503.3426208496094 605.5667724609375
500.3663024902344 604.7327270507812
497.99798583984375 603.4730834960938
497.99798583984375 600.3805541992188
495.5906066894531 598.6292114257812
493.7639465332031 596.3010864257812
491.8071594238281 594.0740356445312
490.11236572265625 591.802001953125
489.39202880859375 588.8656616210938
487.0742492675781 586.8396606445312
484.2436218261719 585.5941772460938
481.99969482421875 583.5370483398438
478.90716552734375 583.5370483398438
476.429443359375 585.0218505859375
473.6125183105469 585.974853515625
470.8729248046875 585.4949951171875
468.17315673828125 584.9503784179688
465.4681396484375 584.4221801757812
463.2810974121094 582.2357177734375
462.49798583984375 579.4677124023438
460.8326110839844 576.9851684570312
457.98040771484375 577.6536865234375
456.646484375 580.4437866210938
454.221923828125 581.8057250976562
451.8977966308594 580.9212036132812
450.5142517089844 578.1553955078125
449.54937744140625 575.2224731445312
448.8297424316406 572.2191772460938
448.1107177734375 569.2320556640625
446.586181640625 566.5414428710938
445.4969787597656 563.7360229492188
445.4969787597656 560.6434936523438
443.258544921875 558.5208129882812
442.8299865722656 555.6139526367188
442.8018798828125 552.5254516601562
441.9131774902344 549.5633544921875
441.02447509765625 546.6012573242188
439.12200927734375 544.2445068359375
436.9351806640625 542.057861328125
435.3132019042969 539.474609375
433.8346862792969 536.7906494140625
431.489501953125 534.841552734375
429.3309631347656 533.194580078125
430.1820373535156 530.953125
432.6305236816406 529.6647338867188
433.203369140625 526.99658203125
430.8463439941406 525.953125
428.3622741699219 527.4218139648438
425.69873046875 528.530517578125
422.6090393066406 528.6588745117188
420.0242004394531 529.9268798828125
417.5999450683594 531.7097778320312
414.6264953613281 532.5596923828125
411.8391418457031 533.86572265625
409.37249755859375 534.2866821289062
407.3959655761719 532.5731811523438
404.6036376953125 533.90234375
401.694580078125 533.8152465820312
402.3654479980469 530.7963256835938
404.22430419921875 528.7377319335938
406.6639404296875 527.2105102539062
405.4947509765625 525.2871704101562
402.53851318359375 524.802734375
399.9739074707031 523.8104248046875
397.5356140136719 524.9984741210938
395.32940673828125 523.6920166015625
396.1533508300781 520.7113037109375
394.31182861328125 518.433837890625
391.76214599609375 519.1945190429688
388.9366455078125 519.52734375
386.5580139160156 518.085205078125
386.58251953125 515.3685302734375
387.9979553222656 512.8623046875
388.33990478515625 509.8290710449219
388.3337097167969 506.89910888671875
387.1806640625 504.138916015625
384.3146057128906 503.119140625
381.65093994140625 502.4250793457031
379.9835510253906 500.119140625
376.8910217285156 500.119140625
374.1593933105469 498.8160705566406
371.26702880859375 497.96148681640625
368.6688232421875 498.7233581542969
366.5587463378906 500.619140625
363.4662170410156 500.619140625
360.47186279296875 501.353271484375
357.6768493652344 500.6083679199219
354.7821960449219 500.26458740234375
351.7215881347656 500.619140625
348.6288146972656 500.619140625
345.8505859375 499.3316650390625
342.9930725097656 498.369140625
340.5872802734375 500.0279846191406
337.6543273925781 500.8213806152344
334.8538818359375 499.82440185546875
331.8946838378906 499.2851257324219
328.8970947265625 498.6463317871094
325.8835144042969 498.1566467285156
322.7923278808594 498.2471923828125
319.7351379394531 497.933349609375
316.7134094238281 497.6241149902344
313.8638916015625 497.8775634765625
311.5132751464844 495.875
308.77154541015625 494.44439697265625
305.7994689941406 493.953125
303.837646484375 495.4997863769531
303.5302734375 498.40594482421875
303.48028564453125 500.9692077636719
302.8360595703125 502.98687744140625
305.1833801269531 504.9732360839844
307.37005615234375 507.1601867675781
306.26873779296875 509.3465881347656
303.39862060546875 509.68682861328125
301.21148681640625 507.5004577636719
298.3473205566406 507.0418701171875
295.3370666503906 507.5281677246094
293.7955322265625 509.3479309082031
294.6293640136719 512.325927734375
293.5916748046875 515.212158203125
290.7787780761719 516.2516479492188
287.7796325683594 515.5648803710938
286.3955078125 517.9118041992188
286.80810546875 520.75830078125
288.79498291015625 523.0828857421875
290.9820556640625 525.2692260742188
291.7771301269531 528.2313232421875
293.96343994140625 530.4185180664062
292.1924133300781 532.9032592773438
290.10662841796875 535.1766967773438
287.2660217285156 535.7850952148438
284.1771545410156 535.8953247070312
281.3796081542969 535.3341064453125
279.5574645996094 532.8865356445312
277.3839416503906 531.4100952148438
275.0343322753906 533.203125
272.0801086425781 532.8692626953125
269.8933410644531 530.6824951171875
268.4788818359375 528.0180053710938
266.2925720214844 525.830810546875
266.0809631347656 522.825927734375
264.9243469238281 520.2125244140625
262.2159423828125 519.28515625
259.1876525878906 519.6452026367188
256.6765441894531 519.7667846679688
254.97360229492188 517.2772216796875
252.531494140625 515.3836059570312
249.79786682128906 513.968505859375
247.00820922851562 515.3032836914062
244.04541015625 516.0659790039062
241.0307159423828 515.8555297851562
238.89254760742188 513.9744873046875
237.33692932128906 511.33062744140625
235.01817321777344 509.2843933105469
233.36854553222656 511.5569152832031
230.7835235595703 512.4531860351562
230.88095092773438 509.57012939453125
232.42083740234375 507.2704162597656
231.1400146484375 504.45684814453125
230.02981567382812 501.57049560546875
229.35989379882812 498.5682067871094
228.60202026367188 495.6452941894531
226.6222381591797 493.2695617675781
223.78456115722656 492.1020202636719
221.84312438964844 490.0312805175781
220.09588623046875 487.55157470703125
217.41397094726562 486.911376953125
214.3526153564453 487.2871398925781
212.8308868408203 485.71630859375
212.33660888671875 482.7078857421875
210.62393188476562 480.5956115722656
207.58255004882812 480.0354309082031
205.3616943359375 482.1665344238281
202.44100952148438 483.18304443359375
199.67538452148438 482.3583984375
196.77281188964844 481.619140625
194.1930389404297 482.57720947265625
191.92562866210938 484.119140625
188.83309936523438 484.119140625
185.79403686523438 484.2022705078125
184.1703338623047 486.779296875
182.70462036132812 489.3099365234375
181.40847778320312 491.0857238769531
178.3799285888672 490.503173828125
176.19363403320312 488.31597900390625
175.9968719482422 485.3049011230469
176.81097412109375 482.3443298339844
175.49728393554688 479.9515380859375
172.4875946044922 479.80633544921875
171.16546630859375 482.5731506347656
168.54981994628906 484.0351257324219
165.5907440185547 484.35736083984375
163.40443420410156 486.5445556640625
161.21725463867188 488.73077392578125
161.14830017089844 491.7911376953125
158.28591918945312 492.9506530761719
155.2367401123047 492.8782958984375
153.03184509277344 495.0431213378906
150.50083923339844 496.80010986328125
151.47850036621094 499.7340087890625
153.54071044921875 501.997802734375
153.44509887695312 504.8389892578125
152.2216796875 507.5596618652344
151.78494262695312 509.54083251953125
154.2091064453125 511.4344177246094
156.4467010498047 513.5690307617188
158.03724670410156 515.938720703125
157.4535369873047 518.9756469726562
157.71925354003906 522.0250854492188
158.2133331298828 525.077880859375
158.2468719482422 528.167724609375
157.26319885253906 530.8528442382812
155.14564514160156 530.132568359375
152.34103393554688 529.5537719726562
152.7394256591797 532.6107788085938
154.09796142578125 535.3873291015625
156.0413818359375 537.5745849609375
153.5945281982422 539.2254638671875
150.51539611816406 539.4531860351562
147.42288208007812 539.4531860351562
144.33859252929688 539.6165161132812
141.34535217285156 539.3350830078125
139.07757568359375 537.8956909179688
136.49618530273438 536.4522094726562
134.49786376953125 537.185791015625
132.82032775878906 539.1721801757812
130.62359619140625 541.265869140625
128.23348999023438 542.7850952148438
125.18042755126953 543.0663452148438
122.20453643798828 543.6631469726562
119.59347534179688 544.2740478515625
118.91487884521484 547.0856323242188
120.66498565673828 549.4534301757812
121.59649658203125 552.402587890625
120.93574523925781 555.3903198242188
120.16368103027344 558.3848266601562
118.16487884521484 560.672607421875
116.69297790527344 563.109619140625
115.02198028564453 565.7000732421875
113.40927124023438 568.3388061523438
112.83087921142578 571.2686157226562
112.90177154541016 574.3548583984375
113.43927001953125 577.4003295898438
113.70320892333984 580.4487915039062
113.23280334472656 583.5053100585938
113.32839965820312 586.5875244140625
113.1426773071289 589.4475708007812
110.33154296875 590.7364501953125
107.50454711914062 590.2481079101562
104.60425567626953 590.7265014648438
101.64054107666016 590.9773559570312
99.21714782714844 589.7388305664062
98.63750457763672 586.7078857421875
97.65972137451172 583.7739868164062
96.91424560546875 580.7925415039062
96.60231018066406 577.7427978515625
94.05322265625 575.9918212890625
93.69218444824219 572.9850463867188
92.53897857666016 570.12451171875
90.64051818847656 567.6832885742188
91.66243743896484 565.0658569335938
92.75154113769531 562.1777954101562
90.8792495727539 559.8703002929688
89.71807098388672 557.0780639648438
87.24368286132812 556.0209350585938
85.61139678955078 553.7328491210938
83.19448852539062 552.0097045898438
80.18748474121094 551.4766845703125
78.0011978149414 549.2894897460938
77.61376953125 546.2225952148438
76.73986053466797 543.4049072265625
75.13683319091797 541.0859985351562
75.34942626953125 538.194091796875
72.96259307861328 536.2277221679688
71.76578521728516 533.3982543945312
69.6101303100586 531.4832763671875
66.98643493652344 529.8617553710938
64.91552734375 527.7679443359375
64.04939270019531 524.7991943359375
62.40959930419922 522.1862182617188
61.15217208862305 519.4075927734375
59.60307693481445 517.2599487304688
57.396705627441406 515.3115844726562
55.437129974365234 513.179931640625
53.2534065246582 512.2214965820312
52.34223556518555 509.27911376953125
52.54351043701172 506.1931457519531
52.744789123535156 503.107177734375
52.6240348815918 500.0295104980469
52.262603759765625 496.9581604003906
51.20663833618164 494.0855407714844
49.6047477722168 491.4483947753906
49.316585540771484 488.4943542480469
49.2172737121582 485.53082275390625
47.15777587890625 483.2750244140625
46.43901062011719 480.46185302734375
46.96989440917969 477.5108337402344
46.65340805053711 474.6304931640625
49.1068115234375 472.9626770019531
51.426849365234375 474.3650817871094
53.6330680847168 476.3868103027344
55.88188552856445 475.7728271484375
58.01104736328125 473.8304443359375
60.99457550048828 473.2143249511719
64.08502197265625 473.1192321777344
67.07401275634766 473.7564697265625
67.95830535888672 471.50006103515625
67.52054595947266 468.5807189941406
67.30921173095703 465.73248291015625
69.84012603759766 465.7023620605469
72.25178527832031 467.6308288574219
74.48284912109375 467.4673156738281
77.2253646850586 468.1273193359375
80.29191589355469 468.52734375
83.19879150390625 469.527099609375
84.35291290283203 467.434814453125
82.55352020263672 465.32977294921875
79.58531188964844 464.540771484375
77.25037384033203 462.5934143066406
76.92256164550781 460.95513916015625
79.27189636230469 459.0256652832031
82.0884017944336 457.8258056640625
84.93905639648438 459.0247802734375
87.79820251464844 458.03509521484375
89.9690170288086 460.0489807128906
92.07402801513672 462.3145446777344
94.17198181152344 464.5866394042969
96.33806610107422 463.44561767578125
98.56635284423828 461.31207275390625
100.75005340576172 459.5088806152344
100.19676971435547 456.46624755859375
102.22112274169922 454.22900390625
104.80827331542969 453.9422302246094
105.4211196899414 451.51708984375
108.48587799072266 451.1036071777344
111.1067886352539 450.11492919921875
112.46855163574219 447.3638610839844
111.779296875 445.5572509765625
110.49687957763672 443.2783203125
109.65473937988281 440.5060729980469
107.74259948730469 438.1187438964844
106.96210479736328 435.1263122558594
104.62736511230469 433.2978515625
102.50572204589844 431.06744384765625
102.1639404296875 428.3656311035156
102.42037200927734 425.3663024902344
101.83275604248047 422.3301086425781
99.89273834228516 420.1485290527344
97.42146301269531 418.2895202636719
94.97419738769531 416.39886474609375
93.98243713378906 413.5032043457031
92.10503387451172 411.2070617675781
90.5287094116211 408.6772155761719
91.96822357177734 406.230224609375
93.44268798828125 403.539794921875
94.16387939453125 400.6034851074219
93.709716796875 397.6275329589844
92.20527648925781 394.92620849609375
90.52532958984375 392.3297424316406
92.50189208984375 390.1117858886719
94.47225189208984 388.4543151855469
96.76353454589844 386.74090576171875
97.53984832763672 383.74737548828125
98.0708999633789 380.7070007324219
97.29762268066406 377.7874755859375
95.53238677978516 375.32281494140625
92.68201446533203 374.47894287109375
90.55410766601562 372.2956848144531
88.66912841796875 370.7085876464844
86.35729217529297 371.6466979980469
84.44114685058594 369.24871826171875
84.43932342529297 366.57452392578125
86.3055419921875 364.1446228027344
88.48046112060547 361.94671630859375
90.50120544433594 359.6073303222656
91.3285903930664 356.6275329589844
94.22183990478516 356.8788757324219
96.0197525024414 359.34197998046875
97.94560241699219 361.4014587402344
100.87326049804688 361.84356689453125
103.33128356933594 360.45050048828125
104.08831024169922 357.4519958496094
104.90194702148438 354.4684143066406
103.06536102294922 352.18878173828125
104.1489486694336 350.2000427246094
104.12017822265625 347.1271057128906
104.87022399902344 344.1269226074219
105.99826049804688 341.2531433105469
107.15714263916016 338.38702392578125
108.30533599853516 335.5775451660156
111.26741790771484 334.6888427734375
112.73551940917969 332.0591125488281
115.10101318359375 330.0671081542969
115.82987976074219 327.31365966796875
115.82987976074219 324.22113037109375
113.8943862915039 321.9649353027344
111.1978988647461 320.64715576171875
110.45304870605469 318.7294006347656
111.44939422607422 315.8038330078125
109.98243713378906 313.43988037109375
108.43946838378906 310.8088073730469
108.16667175292969 307.8828125
109.9659652709961 305.4852294921875
111.94386291503906 303.14154052734375
113.27201080322266 300.41290283203125
112.68647003173828 297.5738830566406
115.6207504272461 296.66876220703125
118.24320983886719 295.02972412109375
119.16387939453125 292.4474792480469
120.1879653930664 289.72564697265625
122.91749572753906 288.87066650390625
125.65003204345703 288.0151672363281
126.91423034667969 285.3575744628906
128.72801208496094 283.4610290527344
131.20994567871094 281.82257080078125
133.04808044433594 279.3356018066406
135.94580078125 279.0682678222656
138.7700653076172 278.15692138671875
141.5499267578125 277.35552978515625
144.56881713867188 278.0263977050781
145.71070861816406 275.573486328125
148.1029510498047 274.5636291503906
150.6785430908203 276.1858215332031
152.9708251953125 278.1583557128906
155.9182586669922 279.0953063964844
157.2191619873047 281.87109375
158.37704467773438 284.73858642578125
160.30535888671875 283.8108215332031
160.48507690429688 280.8725280761719
159.7059326171875 278.0655822753906
157.39466857910156 276.0108947753906
157.32989501953125 272.94744873046875
157.74832153320312 270.18182373046875
160.5448760986328 269.0723571777344
158.3406219482422 267.7690734863281
155.97068786621094 265.91192626953125
156.60000610351562 264.7801513671875
159.6925048828125 264.7663269042969
162.7849884033203 264.7524719238281
165.8774871826172 264.7386474609375
168.96998596191406 264.7248229980469
172.06248474121094 264.71099853515625
175.1549835205078 264.6971435546875
178.2474822998047 264.6833190917969
181.33998107910156 264.66949462890625
184.43247985839844 264.6556396484375
187.5249786376953 264.6418151855469
190.6174774169922 264.62799072265625
193.6294708251953 264.1558532714844
196.5418243408203 263.11572265625
199.32888793945312 261.9872741699219
199.32888793945312 258.8947448730469
199.53831481933594 255.81332397460938
199.8645782470703 252.73805236816406
200.19082641601562 249.66278076171875
200.69683837890625 246.78732299804688
203.78936767578125 246.78732299804688
206.5105438232422 245.72032165527344
208.93511962890625 243.8006591796875
209.16290283203125 240.81832885742188
210.61819458007812 238.72120666503906
212.16290283203125 236.68524169921875
212.16290283203125 233.59271240234375
214.11231994628906 232.33123779296875
216.6832733154297 230.8034210205078
219.09800720214844 228.8713836669922
221.64779663085938 228.08270263671875
223.9921112060547 228.02699279785156
225.45362854003906 225.30160522460938
226.91513061523438 222.57623291015625
228.37664794921875 219.85084533691406
229.712646484375 217.08456420898438
230.3291778564453 214.12002563476562
232.5159149169922 211.9332733154297
234.70266723632812 209.74652099609375
237.60455322265625 209.28628540039062
240.69708251953125 209.28628540039062
243.72579956054688 209.17623901367188
245.2601776123047 206.4912109375
246.3299102783203 203.68276977539062
246.3299102783203 200.59024047851562
246.3299102783203 197.49771118164062
247.4158477783203 195.0762176513672
250.18177795410156 193.6929931640625
252.9478302001953 192.30982971191406
255.7138671875 190.9268035888672
258.47991943359375 189.5437774658203
261.3631591796875 190.4763946533203
264.3074645996094 191.2852783203125
267.08660888671875 192.04196166992188
269.371337890625 193.1247100830078
271.4335632324219 192.0829315185547
270.82940673828125 195.11587524414062
273.8993225097656 194.79519653320312
276.9891662597656 194.9241943359375
277.66192626953125 197.37149047851562
278.4230041503906 200.36029052734375
276.2017822265625 198.9921417236328
274.0150146484375 198.2651824951172
273.4146423339844 200.8809814453125
273.82794189453125 203.92007446289062
275.059326171875 206.2712860107422
277.566162109375 208.02452087402344
278.82794189453125 210.5944061279297
279.6388854980469 213.1778564453125
281.24493408203125 215.2624053955078
281.5875549316406 218.2129364013672
283.7743225097656 220.39968872070312
284.758544921875 223.29380798339844
285.32794189453125 226.30661010742188
285.32794189453125 229.39913940429688
284.86309814453125 232.44558715820312
284.97332763671875 235.40341186523438
285.5238037109375 238.38856506347656
285.5743103027344 241.48068237304688
287.6072692871094 243.73263549804688
288.411376953125 246.45547485351562
288.1888427734375 249.5384979248047
287.84716796875 252.61209106445312
286.9605407714844 255.50779724121094
285.4212951660156 258.1900329589844
283.51947021484375 260.5948181152344
281.3327331542969 262.78155517578125
278.65679931640625 263.7873229980469
275.5660705566406 263.80548095703125
272.5298767089844 264.3930969238281
269.5385437011719 264.4337463378906
266.6385803222656 263.3594970703125
263.8948059082031 261.9468688964844
261.19573974609375 260.43731689453125
258.9879455566406 258.2789001464844
257.9969787597656 255.59637451171875
257.7972106933594 252.58653259277344
255.61044311523438 250.3997802734375
254.04664611816406 247.79153442382812
252.90908813476562 244.9172821044922
251.7386016845703 242.0680694580078
250.1653594970703 239.40533447265625
249.48353576660156 236.4071502685547
248.9084930419922 233.36830139160156
246.5228271484375 231.82398986816406
247.12936401367188 228.79127502441406
249.0096435546875 226.4406280517578
247.13136291503906 224.25369262695312
245.9022979736328 226.45468139648438
244.23841857910156 228.85696411132812
244.79188537597656 231.89981079101562
244.88800048828125 234.98776245117188
243.70590209960938 237.57940673828125
244.6448211669922 239.76612854003906
245.1616973876953 242.4747772216797
244.3176727294922 245.4264373779297
243.04495239257812 248.2451934814453
240.81069946289062 249.97119140625
237.99996948242188 251.120361328125
235.81338500976562 253.30694580078125
234.7159423828125 256.08477783203125
234.0767822265625 259.1102600097656
232.27899169921875 261.5083312988281
231.1207275390625 263.9613037109375
231.9965362548828 266.9266662597656
233.0081329345703 269.84881591796875
232.2950439453125 272.61248779296875
231.12997436523438 275.25128173828125
233.31689453125 277.4382019042969
235.50314331054688 279.62506103515625
237.68946838378906 281.8125915527344
240.1533660888672 280.56787109375
242.28463745117188 278.51708984375
242.8909454345703 275.4848327636719
241.1925506591797 273.14984130859375
241.06329345703125 270.2183532714844
241.1630096435547 267.1300964355469
242.7073211669922 264.6519775390625
245.21182250976562 263.2873229980469
247.02395629882812 264.74945068359375
247.43270874023438 267.8150939941406
247.84616088867188 270.8793029785156
248.41317749023438 273.9196472167969
249.6487274169922 276.6070251464844
251.76844787597656 278.84173583984375
253.10250854492188 281.6314697265625
255.5855255126953 283.07763671875
258.4694519042969 283.64788818359375
259.12799072265625 281.1554260253906
259.60235595703125 278.7102355957031
261.3535461425781 276.4327392578125
261.4420166015625 273.34173583984375
262.6860656738281 271.64715576171875
265.7389221191406 272.1393127441406
268.6795959472656 271.5234680175781
271.56683349609375 270.49365234375
274.2857666015625 271.96661376953125
277.1331481933594 272.1067810058594
280.08685302734375 271.2052917480469
283.150146484375 271.2762756347656
285.2611389160156 273.52423095703125
286.95361328125 276.1128234863281
286.7759094238281 278.5074462890625
285.4970397949219 281.07049560546875
285.9423522949219 282.901123046875
287.9220275878906 280.5283203125
290.1086120605469 278.34173583984375
292.9869689941406 277.4347839355469
295.37677001953125 275.84466552734375
297.1325988769531 273.29864501953125
297.8300476074219 270.42352294921875
298.1662292480469 267.4057922363281
299.83465576171875 264.951416015625
302.6007995605469 263.5680236816406
303.4960632324219 261.02899169921875
305.6545104980469 259.1583251953125
307.6630554199219 257.20330810546875
307.6630554199219 254.11053466796875
307.207763671875 251.05589294433594
308.8017272949219 249.78631591796875
310.66107177734375 251.67625427246094
312.78387451171875 253.90713500976562
314.8633117675781 256.1809997558594
316.5557861328125 258.76959228515625
317.3290710449219 261.6315002441406
317.3290710449219 264.7242736816406
316.6866760253906 267.7124938964844
314.9416198730469 270.1727600097656
312.755126953125 268.21136474609375
309.9064025878906 267.2087097167969
306.9519348144531 267.5975036621094
304.027099609375 268.602783203125
303.4960632324219 271.3160705566406
303.904052734375 274.3426208496094
304.8290710449219 277.2848205566406
304.8290710449219 280.3775939941406
307.749755859375 281.21331787109375
310.6190490722656 282.3409423828125
313.4234313964844 282.5930480957031
316.2117004394531 281.2547912597656
316.4960632324219 278.3414611816406
319.2923278808594 277.4729919433594
322.19549560546875 277.7741394042969
324.9833068847656 279.1121826171875
324.6534118652344 276.5095520019531
327.697021484375 277.0559997558594
330.7411193847656 277.6025390625
333.7789001464844 277.05615234375
336.84002685546875 277.2815856933594
339.9058837890625 277.68487548828125
342.9921569824219 277.7843322753906
345.1750183105469 279.322509765625
347.2065124511719 281.1173400878906
347.8290710449219 278.6476135253906
350.2749328613281 277.3528137207031
353.2294921875 276.4503479003906
356.0816650390625 276.76446533203125
356.8858337402344 279.7503356933594
355.14111328125 280.7833557128906
353.38092041015625 282.63177490234375
351.2146301269531 284.37725830078125
352.22216796875 286.19158935546875
354.568359375 288.1163635253906
357.6060791015625 287.8524169921875
360.4438171386719 286.62255859375
363.3709411621094 286.214599609375
366.4076232910156 286.80084228515625
368.68927001953125 288.8085632324219
370.8761901855469 290.9954833984375
373.0626220703125 290.8847961425781
375.90625 290.2833557128906
378.910888671875 289.72296142578125
381.7849426269531 289.07025146484375
383.1412048339844 291.50225830078125
381.5020446777344 293.86279296875
380.1640625 296.2511291503906
381.48638916015625 298.72894287109375
383.38604736328125 299.60406494140625
384.0620422363281 296.7183837890625
386.71380615234375 296.211181640625
388.3310546875 295.1896057128906
390.1596374511719 293.6596984863281
391.78387451171875 291.7342224121094
392.0852966308594 288.6777038574219
391.76702880859375 285.6013488769531
393.54437255859375 283.67572021484375
396.43212890625 282.602294921875
398.833984375 283.9513244628906
401.0208435058594 284.75860595703125
403.0317687988281 285.8165283203125
404.9696960449219 288.22686767578125
407.1422424316406 290.42657470703125
409.32867431640625 292.6130065917969
411.5155944824219 294.7999267578125
413.1217956542969 297.4014587402344
414.6253662109375 300.0766906738281
416.81195068359375 302.2632751464844
418.80078125 304.6096496582031
420.4677429199219 307.21417236328125
422.2687683105469 309.72723388671875
423.6650390625 312.3595275878906
423.9346923828125 315.37384033203125
425.5928039550781 317.9840087890625
428.00238037109375 317.4170227050781
429.3300476074219 315.076416015625
430.1695556640625 312.3537902832031
432.4530944824219 310.2686462402344
431.1285400390625 308.9848937988281
429.54937744140625 306.54949951171875
428.7787780761719 303.6446533203125
429.2162780761719 300.5834655761719
427.4412841796875 298.4949951171875
425.485595703125 296.2332763671875
424.87188720703125 293.5785217285156
427.3398742675781 291.7822570800781
429.3290710449219 289.918701171875
429.5928649902344 286.85369873046875
430.3425598144531 283.8797302246094
431.6620788574219 281.227294921875
430.24176025390625 279.1831970214844
430.25885009765625 276.77203369140625
431.8190612792969 274.1477966308594
434.38104248046875 272.62701416015625
437.2296447753906 271.4358215332031
439.8811340332031 269.90032958984375
442.0681457519531 267.71331787109375
443.9342956542969 265.3056335449219
445.19964599609375 262.4835510253906
446.416748046875 259.64117431640625
447.62957763671875 256.7964172363281
448.9178161621094 253.98524475097656
451.3809814453125 252.28587341308594
453.4942626953125 253.439208984375
455.9750671386719 254.62033081054688
458.8507080078125 255.14292907714844
461.3315124511719 256.6203308105469
463.98046875 257.196044921875
464.7718505859375 260.18585205078125
464.6782531738281 262.9371643066406
463.4587097167969 265.5958557128906
463.08026123046875 268.6653747558594
461.7018127441406 271.2466125488281
459.514892578125 273.43353271484375
457.8147277832031 275.9132080078125
456.90533447265625 278.8692626953125
458.9497375488281 280.9925842285156
459.2884826660156 283.7319030761719
458.7511291503906 286.7771301269531
458.1925048828125 289.8188171386719
457.22344970703125 292.69439697265625
455.50799560546875 295.267822265625
454.2915954589844 298.0371398925781
453.7945251464844 301.0896911621094
453.2752380371094 304.1369323730469
452.4153747558594 307.1077575683594
451.5556335449219 310.078125
450.3797302246094 312.9372253417969
450.85137939453125 315.8900451660156
452.1428527832031 318.6020812988281
454.3289794921875 320.7888488769531
453.52838134765625 323.6875915527344
451.0813293457031 325.578125
449.9544372558594 328.2080993652344
449.6219482421875 331.2824401855469
447.6492919921875 332.9586486816406
444.9764099121094 334.3069763183594
442.78948974609375 336.493896484375
440.7843017578125 338.8309020996094
439.0421142578125 341.38629150390625
436.34661865234375 342.7252502441406
433.3138427734375 342.11895751953125
430.6170654296875 343.2075500488281
428.01666259765625 342.36328125
425.7053527832031 340.3325500488281
422.9950866699219 339.4494323730469
423.04180908203125 342.52789306640625
424.73138427734375 345.1183776855469
427.0305480957031 347.0060119628906
429.65679931640625 348.6194152832031
432.3785400390625 349.72735595703125
434.9150085449219 350.690185546875
437.0927429199219 352.4552917480469
439.5959167480469 351.5281677246094
440.0010681152344 348.6947326660156
442.8349304199219 347.7882995605469
445.4822082519531 346.558349609375
448.4599304199219 345.72442626953125
451.2031555175781 344.31512451171875
452.1611022949219 341.7892761230469
453.2868347167969 339.1625671386719
455.4734802246094 336.9759216308594
457.660400390625 334.78900146484375
458.84844970703125 332.0369873046875
459.0679626464844 329.033447265625
458.429931640625 326.0119934082031
458.53009033203125 323.0863037109375
460.716552734375 320.89984130859375
463.0038757324219 318.9552917480469
466.0961608886719 318.9552917480469
469.16326904296875 318.56365966796875
470.706787109375 320.593994140625
472.4356994628906 323.0638732910156
473.66180419921875 325.8761291503906
474.428955078125 328.6866149902344
472.24322509765625 330.8740234375
472.1116027832031 333.86260986328125
472.16412353515625 336.95379638671875
473.8799133300781 339.3360900878906
476.2840576171875 341.12432861328125
479.3062744140625 341.7811279296875
478.6241760253906 339.2494201660156
475.6528625488281 338.39129638671875
474.16314697265625 335.94061279296875
473.9308776855469 332.8608093261719
475.91033935546875 331.3035888671875
477.4696960449219 328.86639404296875
476.5386047363281 325.9176330566406
477.6444396972656 323.0799560546875
476.2611999511719 320.3143005371094
474.1581115722656 318.0889892578125
471.7783203125 316.203857421875
468.85650634765625 315.1898498535156
466.5586242675781 313.1808166503906
464.37164306640625 314.41278076171875
461.6406555175781 315.7550354003906
459.46490478515625 313.95428466796875
457.1816101074219 313.0073547363281
457.42864990234375 310.18975830078125
458.72760009765625 307.68328857421875
458.43890380859375 304.6040344238281
459.37115478515625 301.8195495605469
460.8878479003906 299.1409912109375
461.8994445800781 296.2188415527344
463.7790832519531 293.8393249511719
465.2960205078125 291.4893493652344
464.3582763671875 288.5426940917969
463.4268798828125 285.5936584472656
463.6658935546875 282.5367736816406
462.0341491699219 280.1583251953125
462.8128662109375 277.9715881347656
464.999755859375 275.7846984863281
467.18634033203125 273.5981140136719
469.87408447265625 272.6203308105469
472.3594970703125 271.51922607421875
473.89532470703125 268.8463134765625
474.99591064453125 265.95654296875
473.8409423828125 263.09716796875
475.35601806640625 260.6203308105469
477.482421875 261.3837890625
476.83111572265625 264.3996276855469
476.83111572265625 267.4924011230469
476.58294677734375 270.5654602050781
475.923828125 273.5266418457031
473.7372741699219 275.71319580078125
473.16412353515625 278.5685729980469
473.16412353515625 281.6608581542969
474.19830322265625 284.24139404296875
476.65789794921875 286.1156005859375
479.07476806640625 287.53564453125
481.6321716308594 286.58935546875
483.819091796875 288.7762756347656
486.07049560546875 290.8963928222656
486.5552978515625 289.1971130371094
485.1767883300781 286.46795654296875
482.8114318847656 284.5284423828125
480.66314697265625 282.7638854980469
478.9306640625 280.3888244628906
477.55511474609375 277.70855712890625
478.03826904296875 275.25933837890625
480.59423828125 273.7173767089844
482.78131103515625 275.9044494628906
484.9737243652344 277.8236083984375
486.6624450683594 275.57318115234375
485.9832763671875 272.5674743652344
487.72308349609375 270.2283630371094
490.713623046875 270.6971435546875
493.76788330078125 270.3924865722656
495.9960021972656 272.4521484375
498.677734375 273.9736633300781
500.1581115722656 275.92169189453125
499.74542236328125 278.7015686035156
501.93218994140625 280.8883361816406
504.4454040527344 282.28631591796875
507.5381774902344 282.28631591796875
508.4669189453125 279.57806396484375
506.66729736328125 277.07537841796875
506.08282470703125 274.51055908203125
503.3963928222656 273.17938232421875
501.78863525390625 270.5379333496094
500.07647705078125 268.1358642578125
500.82647705078125 265.13592529296875
501.97772216796875 262.2744445800781
501.20556640625 259.8287353515625
500.5693664550781 256.8120422363281
501.72613525390625 254.3646697998047
504.14947509765625 252.62030029296875
507.24176025390625 252.62030029296875
510.33453369140625 252.62030029296875
513.303955078125 253.29786682128906
515.4971313476562 253.36981201171875
518.3399047851562 253.12030029296875
521.4326782226562 253.12030029296875
524.3253784179688 252.1353759765625
527.2461547851562 251.2873077392578
530.091796875 250.69166564941406
530.2879638671875 248.30776977539062
527.916748046875 246.59356689453125
526.0357055664062 244.57974243164062
528.3096923828125 242.5220184326172
530.148681640625 243.83114624023438
529.74853515625 241.92530822753906
529.8526611328125 239.30877685546875
530.3941040039062 236.89651489257812
532.6724853515625 234.8388214111328
530.8214721679688 234.156982421875
531.3795166015625 231.81192016601562
534.4698486328125 231.92250061035156
536.2931518554688 229.9395751953125
538.1680297851562 227.736572265625
541.057373046875 226.63331604003906
543.4111938476562 224.70523071289062
546.4373168945312 224.1887664794922
549.4968872070312 223.7398681640625
551.9063720703125 221.94932556152344
554.8712768554688 221.071044921875
556.3004760742188 219.44406127929688
554.1737670898438 218.27566528320312
556.6876220703125 216.67831420898438
559.701171875 215.9828338623047
562.76318359375 215.55323791503906
564.6642456054688 213.564453125
567.1469116210938 213.46572875976562
565.7461547851562 216.2116241455078
566.2882080078125 217.9952392578125
568.7420654296875 216.483642578125
571.832763671875 216.58291625976562
573.3524169921875 214.72549438476562
575.7591552734375 213.50064086914062
578.7919311523438 213.67889404296875
579.1469116210938 212.59823608398438
576.8339233398438 210.58132934570312
576.4542236328125 208.6203155517578
579.5374755859375 208.5572052001953
582.4957275390625 207.6565399169922
584.1868286132812 206.23370361328125
582.8226318359375 203.7397918701172
582.6632080078125 200.72674560546875
583.255859375 197.72503662109375
584.3554077148438 194.83627319335938
585.5171508789062 191.9705047607422
587.4685668945312 189.72348022460938
589.8240966796875 187.74058532714844
592.0142211914062 185.99685668945312
594.666015625 187.5876007080078
597.5367431640625 187.63339233398438
598.1996459960938 190.65377807617188
596.216796875 192.89993286132812
594.26025390625 195.28822326660156
595.3310546875 196.3874969482422
598.4186401367188 196.55789184570312
601.0792236328125 195.53628540039062
603.8519897460938 196.30809020996094
604.9553833007812 198.4951171875
603.3378295898438 200.9134979248047
605.464111328125 202.56028747558594
607.9887084960938 202.91531372070312
608.1668701171875 200.125
608.6319580078125 198.32022094726562
611.4190673828125 197.12130737304688
614.4473266601562 196.9203338623047
616.9722900390625 195.13430786132812
619.2402954101562 196.3644256591797
621.9540405273438 195.43235778808594
624.1051025390625 197.50416564941406
625.4879150390625 200.2705841064453
627.727294921875 202.215087890625
629.8327026367188 201.95782470703125
632.01953125 204.14463806152344
632.6458740234375 206.89256286621094
631.003662109375 208.15652465820312
630.02294921875 208.64743041992188
632.6198120117188 210.2886505126953
634.6900634765625 212.4333953857422
635.4469604492188 215.00352478027344
633.9971923828125 217.49526977539062
633.531005859375 220.4387664794922
631.880615234375 223.04226684570312
630.3904418945312 225.72601318359375
628.2631225585938 227.96682739257812
626.2833251953125 230.3428497314453
625.4558715820312 233.14617919921875
624.807861328125 236.17030334472656
623.3592529296875 238.7582244873047
621.7755126953125 241.26573181152344
621.1879272460938 244.3016815185547
618.9706420898438 245.79393005371094
616.6625366210938 247.2913055419922
615.6070556640625 250.1774139404297
613.4204711914062 252.36399841308594
612.6177368164062 255.25216674804688
612.0084838867188 258.2788391113281
612.5771484375 259.64044189453125
614.3026733398438 257.8152160644531
614.414794921875 255.09710693359375
617.0806274414062 253.5460968017578
620.0938110351562 252.85995483398438
622.5164184570312 251.3889923095703
624.0914306640625 248.88719177246094
626.6167602539062 247.16041564941406
628.9924926757812 245.49073791503906
629.5773315429688 242.86949157714844
626.8338623046875 241.92605590820312
626.8861694335938 238.84754943847656
629.0222778320312 237.80686950683594
632.0928344726562 237.9658660888672
635.059814453125 238.81178283691406
637.6448364257812 239.34288024902344
639.0073852539062 236.60472106933594
640.9254760742188 235.54757690429688
641.9971923828125 238.19642639160156
642.7680053710938 241.04409790039062
644.9586181640625 242.7852783203125
645.0687866210938 241.6147003173828
645.1503295898438 239.46714782714844
647.33740234375 237.28012084960938
649.7431640625 235.39266967773438
652.4871215820312 233.96571350097656
655.4911499023438 233.2969512939453
658.53271484375 232.73646545410156
661.5109252929688 231.9159698486328
664.3401489257812 231.3914031982422
664.6173095703125 233.83416748046875
666.06396484375 236.0210418701172
668.7696533203125 236.9542999267578
671.8624267578125 236.9542999267578
672.7113647460938 234.22406005859375
674.240478515625 236.02145385742188
676.6879272460938 236.24778747558594
679.3440551757812 234.7532958984375
681.69189453125 232.74085998535156
684.7009887695312 232.14234924316406
686.6705932617188 230.68215942382812
686.1326904296875 227.63882446289062
685.2548217773438 224.7401123046875
683.565185546875 222.14964294433594
683.7865600585938 219.16665649414062
684.4493408203125 216.147705078125
686.5501098632812 217.91612243652344
688.9639892578125 216.75711059570312
691.2861938476562 218.78036499023438
693.3184204101562 218.99172973632812
695.41259765625 218.08778381347656
697.6613159179688 218.07521057128906
698.3602905273438 215.15664672851562
700.537353515625 213.61441040039062
702.9844360351562 215.5049285888672
705.31787109375 215.17189025878906
708.2515869140625 216.1495361328125
708.5015258789062 218.48007202148438
708.7593994140625 220.53634643554688
711.2354125976562 222.02557373046875
711.6632080078125 224.940673828125
713.7035522460938 224.3318634033203
716.0745849609375 224.86476135253906
716.4971923828125 227.78250122070312
714.6615600585938 229.51939392089844
713.6066284179688 231.56280517578125
715.908447265625 232.97979736328125
717.932373046875 232.08143615722656
718.6632080078125 234.942138671875
720.9111328125 235.73110961914062
723.440185546875 237.06239318847656
725.6791381835938 239.18502807617188
728.3285522460938 240.71435546875
731.3562622070312 241.2603302001953
733.7243041992188 240.25291442871094
736.4658203125 241.6833953857422
736.9642944335938 238.93214416503906
736.191162109375 235.96104431152344
735.2838745117188 233.0045928955078
734.3302001953125 230.0959930419922
733.4220581054688 227.37924194335938
732.1632080078125 224.80838012695312
733.55810546875 223.2877655029297
736.5425415039062 223.832763671875
738.7537841796875 225.92869567871094
741.7371215820312 225.11512756347656
744.8082275390625 224.95338439941406
746.2319946289062 223.57542419433594
745.7029418945312 220.54666137695312
747.1693725585938 217.82421875
749.3099975585938 215.98440551757812
752.3230590820312 215.28903198242188
755.411376953125 215.12490844726562
758.397705078125 215.9115753173828
759.1632080078125 213.82106018066406
756.5230712890625 212.44053649902344
756.4454345703125 210.6713104248047
758.5679321289062 208.45709228515625
761.6563720703125 208.62001037597656
763.8448486328125 206.43870544433594
762.0784912109375 204.53469848632812
759.74072265625 202.552978515625
757.6632080078125 200.71116638183594
757.5361328125 197.67735290527344
755.8781127929688 198.39552307128906
754.6854248046875 201.02284240722656
752.8302001953125 198.92308044433594
753.1671752929688 195.98008728027344
755.455810546875 193.89987182617188
756.14404296875 191.3054962158203
753.9635009765625 189.36122131347656
753.4640502929688 187.48609924316406
756.0596923828125 186.28636169433594
759.0123291015625 185.69540405273438
761.7787475585938 184.31251525878906
763.2491455078125 181.79124450683594
765.068115234375 179.65206909179688
767.9608154296875 178.5577392578125
770.8323364257812 177.4129180908203
773.6544189453125 176.14755249023438
775.496826171875 177.25465393066406
773.1668701171875 179.10768127441406
771.7813110351562 181.57081604003906
771.7334594726562 183.68594360351562
774.41455078125 182.20303344726562
776.6376953125 180.1647491455078
779.5863647460938 181.0961151123047
779.2803344726562 184.10809326171875
778.8872680664062 187.17529296875
780.7551879882812 185.8081817626953
781.6632080078125 183.10813903808594
781.3367919921875 180.04554748535156
780.7669067382812 177.00624084472656
781.3654174804688 174.02247619628906
782.4127807617188 171.11294555664062
784.5095825195312 169.15350341796875
787.3173217773438 167.85853576660156
790.155029296875 166.628662109375
792.7987670898438 167.18016052246094
793.596923828125 169.24050903320312
791.601318359375 171.59768676757812
793.7799072265625 173.120361328125
796.8009033203125 172.96299743652344
798.8377075195312 170.63560485839844
800.9547729492188 172.5247344970703
802.1940307617188 172.59637451171875
802.00927734375 169.76109313964844
804.7128295898438 168.2591094970703
807.4312133789062 168.1207733154297
810.2759399414062 169.0754852294922
813.20849609375 168.57606506347656
815.3953857421875 166.38914489746094
817.3971557617188 164.03707885742188
819.3289794921875 161.62185668945312
819.3302001953125 158.52999877929688
820.0860595703125 155.668701171875
821.8173217773438 153.10647583007812
823.5625 150.5550537109375
825.7490234375 148.36846923828125
827.842529296875 146.0968780517578
829.8118286132812 143.7127227783203
832.67578125 142.9067840576172
835.73388671875 142.45046997070312
838.8220825195312 142.2820587158203
841.4244384765625 143.381591796875
843.6111450195312 145.56851196289062
845.7978515625 147.7556610107422
848.2261352539062 148.65377807617188
851.05712890625 147.40847778320312
853.505859375 145.5354766845703
856.3643798828125 144.871337890625
856.253662109375 143.5439453125
856.277099609375 140.6734161376953
858.4636840820312 138.48684692382812
859.1632080078125 135.68382263183594
859.1632080078125 132.59153747558594
860.4680786132812 129.8228759765625
863.2872314453125 129.33029174804688
865.3302001953125 127.083740234375
865.3302001953125 123.991455078125
867.8098754882812 122.16911315917969
869.742919921875 119.97135925292969
870.4930419921875 116.9709243774414
869.0572509765625 114.6065444946289
868.5210571289062 111.8928451538086
867.5139770507812 109.318115234375
869.0070190429688 106.61048889160156
871.1934814453125 105.31663513183594
873.3804321289062 107.5035629272461
872.2612915039062 109.69026947021484
872.9199829101562 111.87711334228516
875.5660400390625 112.954345703125
878.606201171875 112.66337585449219
881.4735717773438 111.51048278808594
884.2973022460938 110.25408172607422
887.2973022460938 109.50431060791016
888.2975463867188 106.7003173828125
886.9984741210938 104.06008911132812
884.0635375976562 103.1548843383789
881.2343139648438 101.90676879882812
878.2918701171875 101.53364562988281
875.4942626953125 101.55787658691406
873.6783447265625 99.62134552001953
871.3302001953125 98.87721252441406
871.8405151367188 95.8504409790039
873.7932739257812 93.80679321289062
875.3119506835938 91.56812286376953
876.48779296875 89.06419372558594
879.3336181640625 88.12134552001953
879.855224609375 86.30268859863281
880.1351318359375 83.37460327148438
881.5919189453125 80.67778778076172