1000
883.3301391601562 78.11979675292969
885.5053100585938 72.4722900390625
889.9478759765625 68.16901397705078
894.3209838867188 63.79513168334961
898.9025268554688 59.727386474609375
904.4861450195312 57.0869026184082
909.2410278320312 53.20867919921875
913.7036743164062 48.970340728759766
918.692138671875 45.72673797607422
923.3887939453125 42.26902389526367
928.4278564453125 39.061981201171875
933.7745971679688 36.07913589477539
938.6090087890625 37.71564865112305
944.05029296875 38.59037399291992
948.8355712890625 36.303199768066406
950.0103759765625 33.226627349853516
943.8915405273438 33.539451599121094
940.2449340820312 30.87323760986328
942.8353271484375 27.203022003173828
943.12060546875 24.33998680114746
946.0004272460938 19.116466522216797
951.3626708984375 16.28679656982422
955.4480590820312 12.187868118286133
959.671875 11.534887313842773
962.7164916992188 16.172922134399414
962.6286010742188 20.33989715576172
964.830078125 22.523948669433594
961.6838989257812 27.00482749938965
965.6401977539062 26.309703826904297
969.7470703125 25.897689819335938
973.8094482421875 30.45963478088379
978.131103515625 30.13086700439453
979.584228515625 34.28779602050781
977.8630981445312 36.07155990600586
977.4192504882812 40.8079833984375
972.0887451171875 43.026790618896484
968.8399658203125 48.204532623291016
963.4441528320312 49.49862289428711
958.2067260742188 50.77214813232422
957.7470703125 56.13599395751953
956.1318359375 61.65202331542969
951.36669921875 62.24552536010742
945.8472900390625 61.437461853027344
944.4180908203125 63.37723922729492
945.4130859375 66.09111785888672
949.1655883789062 69.3770523071289
953.905517578125 70.22637176513672
957.146484375 72.10417175292969
961.0894775390625 76.72830200195312
962.5311889648438 82.7362289428711
960.5018310546875 88.23639678955078
954.8700561523438 89.98381805419922
955.314208984375 91.99828338623047
955.2200317382812 94.68882751464844
958.830078125 94.62571716308594
962.5087280273438 91.0809097290039
967.1831665039062 87.81006622314453
973.0377197265625 87.0733871459961
976.8870849609375 89.28679656982422
982.1168823242188 87.70379638671875
987.275390625 86.39439392089844
991.5014038085938 86.68746948242188
994.4970703125 91.75264739990234
990.9978637695312 95.64363098144531
987.56298828125 99.95279693603516
986.4307250976562 102.72821807861328
988.2808837890625 106.99528503417969
990.6483764648438 112.59870910644531
991.1630859375 118.72815704345703
991.9928588867188 124.82533264160156
993.9906005859375 130.64645385742188
995.2245483398438 136.6910400390625
998.2548217773438 141.84156799316406
999.4970703125 147.47116088867188
1000.9210205078125 153.4809112548828
1004.6575317382812 158.28024291992188
1002.32763671875 161.61810302734375
996.587890625 161.54336547851562
993.687744140625 166.7311248779297
990.1798095703125 171.80152893066406
991.00439453125 177.0951385498047
992.00244140625 182.8338165283203
992.7859497070312 187.44998168945312
987.8300170898438 183.96673583984375
987.5381469726562 188.18304443359375
989.8243408203125 193.03639221191406
987.2033081054688 196.6197967529297
985.491455078125 201.2914276123047
986.091796875 206.27731323242188
990.3135375976562 210.76925659179688
994.1349487304688 215.4187469482422
994.9935913085938 221.5438995361328
999.5249633789062 225.0857391357422
1004.5420532226562 227.95278930664062
1005.9130859375 224.65223693847656
1008.831787109375 219.78753662109375
1013.0596313476562 224.2405548095703
1015.9324340820312 229.2413787841797
1021.5516357421875 231.54214477539062
1026.9794921875 230.10226440429688
1029.51025390625 234.8368682861328
1025.72802734375 238.37640380859375
1028.0478515625 244.0372314453125
1032.32568359375 247.85227966308594
1037.4739990234375 250.22007751464844
1043.09228515625 251.3290557861328
1044.691650390625 256.1003112792969
1040.1783447265625 260.0523681640625
1039.8065185546875 265.9615783691406
1042.0367431640625 271.59844970703125
1046.6318359375 275.2545166015625
1052.132568359375 277.61834716796875
1049.3944091796875 280.2552185058594
1047.964599609375 285.98406982421875
1049.3970947265625 291.92694091796875
1054.2728271484375 295.3970642089844
1058.6995849609375 299.71588134765625
1060.4044189453125 305.37890625
1061.7562255859375 311.410400390625
1062.969970703125 317.4736022949219
1061.3980712890625 318.7730712890625
1055.4805908203125 318.0166320800781
1050.573974609375 314.4527893066406
1045.2991943359375 312.25494384765625
1039.903564453125 309.3529052734375
1034.224853515625 306.9031677246094
1028.7103271484375 304.109375
1024.1981201171875 300.08709716796875
1018.5292358398438 297.9123229980469
1012.6089477539062 296.1220397949219
1007.0689697265625 293.41375732421875
1002.089111328125 289.8412170410156
998.6487426757812 284.77154541015625
994.3013916015625 280.3725891113281
991.9962158203125 275.1091613769531
989.3746337890625 269.9092102050781
986.5338745117188 264.5746154785156
984.1370239257812 261.311767578125
984.4918823242188 255.96119689941406
986.4260864257812 251.07334899902344
984.9102783203125 245.0986785888672
983.4151000976562 239.1167755126953
980.5552978515625 233.73098754882812
978.35009765625 228.07577514648438
976.6906127929688 222.11868286132812
974.520751953125 216.33111572265625
972.288818359375 210.666748046875
970.9287719726562 205.20700073242188
971.8300170898438 199.1507568359375
969.2958984375 193.92471313476562
965.04541015625 190.622314453125
960.4286499023438 186.74459838867188
955.6630249023438 182.94332885742188
957.3762817382812 177.4954376220703
955.8721923828125 176.9086456298828
951.4970092773438 180.62387084960938
951.1182250976562 186.35443115234375
955.5476684570312 190.6694793701172
960.6494750976562 193.2848358154297
958.7218627929688 196.62257385253906
960.1630249023438 201.74166870117188
961.3078002929688 207.69775390625
962.08349609375 213.77171325683594
960.7511596679688 218.50564575195312
956.7501831054688 214.3304443359375
955.305908203125 217.0957794189453
951.5543823242188 212.28501892089844
947.3040161132812 207.87026977539062
947.456298828125 211.90919494628906
943.3462524414062 214.78785705566406
941.4263916015625 219.54721069335938
938.7831420898438 224.97996520996094
938.7996215820312 231.11952209472656
941.697509765625 235.691650390625
942.8090209960938 241.4226837158203
944.3300170898438 247.16104125976562
944.958740234375 253.30247497558594
947.9970092773438 258.3285217285156
950.42138671875 263.4408264160156
955.4667358398438 260.31817626953125
958.1630249023438 263.1217346191406
955.4970092773438 267.3467102050781
950.4985961914062 269.2956848144531
951.6150512695312 275.3607177734375
947.9970092773438 279.398193359375
946.9146118164062 285.39031982421875
942.2478637695312 284.3168640136719
944.4054565429688 279.42755126953125
941.3672485351562 278.93841552734375
936.85791015625 281.5589904785156
931.9205322265625 285.033447265625
926.9091186523438 288.207763671875
926.19091796875 293.92822265625
926.088623046875 298.5211181640625
923.1638793945312 299.4932861328125
920.1951904296875 304.197265625
915.1190185546875 307.0348815917969
915.6470336914062 311.49298095703125
909.9166259765625 312.8662109375
905.5430908203125 317.23974609375
902.004638671875 322.2615966796875
898.1349487304688 327.0091247558594
895.7366943359375 332.6459045410156
896.0870361328125 338.6337890625
896.642822265625 343.8070373535156
894.7925415039062 349.4627380371094
897.0372924804688 354.99285888671875
896.4969482421875 360.0191650390625
896.4969482421875 366.2042236328125
896.005859375 372.3313293457031
895.4969482421875 378.4561767578125
897.1639404296875 383.99658203125
897.1639404296875 390.181640625
895.6639404296875 396.1715087890625
894.8558349609375 402.1327819824219
893.1639404296875 407.8492126464844
892.241455078125 413.7117919921875
896.5529174804688 415.47991943359375
901.7315673828125 413.0502624511719
906.1051025390625 410.56097412109375
909.1912231445312 415.11785888671875
912.9762573242188 418.8065490722656
912.4732666015625 414.22845458984375
913.6640014648438 409.72442626953125
917.5385131835938 413.1603088378906
918.4444580078125 418.14068603515625
922.0435180664062 414.0264892578125
925.9876708984375 412.24713134765625
923.627197265625 406.9949035644531
922.5457763671875 402.1116638183594
927.6759643554688 398.9432678222656
933.8060913085938 398.45379638671875
939.3167114257812 400.44049072265625
945.4039306640625 399.4570007324219
948.2892456054688 401.8276062011719
947.0586547851562 405.4538269042969
951.8932495117188 407.28277587890625
956.7732543945312 409.8127746582031
960.6217651367188 414.0579833984375
961.2816162109375 420.17388916015625
963.0518188476562 426.08416748046875
966.20458984375 431.3503112792969
970.40869140625 435.865478515625
973.60888671875 440.93572998046875
977.6409912109375 445.5579833984375
980.3568725585938 451.0849609375
983.8668823242188 456.157470703125
985.8300170898438 461.5291442871094
985.4035034179688 467.67889404296875
985.6182861328125 473.6986999511719
986.5933837890625 479.7265930175781
987.4275512695312 485.73980712890625
989.2124633789062 491.6509094238281
990.5398559570312 497.690673828125
991.5111083984375 503.79833984375
991.6630249023438 509.9718017578125
990.6630249023438 516.01025390625
990.6630249023438 522.1953125
990.6630249023438 528.38037109375
989.740478515625 534.4890747070312
990.5777587890625 540.5940551757812
990.4279174804688 546.7672729492188
990.3300170898438 552.9503173828125
987.1264038085938 558.2403564453125
984.4566650390625 563.8170166015625
980.6494750976562 567.7879028320312
974.944580078125 570.0542602539062
970.0800170898438 569.7025146484375
967.6517333984375 569.6221313476562
965.51220703125 570.802001953125
963.621337890625 573.2991333007812
963.6084594726562 579.3298950195312
961.6630249023438 584.8546142578125
957.8490600585938 586.138916015625
958.869873046875 580.5391845703125
960.3300170898438 574.6989135742188
957.531982421875 569.3211669921875
953.1604614257812 564.9464111328125
950.1957397460938 559.6516723632812
945.48095703125 556.3327026367188
947.9266357421875 551.1895751953125
949.9429321289062 545.83984375
955.0613403320312 543.0305786132812
959.7830810546875 540.7149658203125
959.12646484375 535.3637084960938
959.2649536132812 529.7431030273438
957.7261962890625 523.8444213867188
955.699951171875 518.474365234375
953.8748779296875 512.850830078125
950.7604370117188 507.754638671875
952.4970092773438 502.9104309082031
949.6260986328125 497.9146728515625
945.7155151367188 494.11895751953125
940.3770141601562 496.6850891113281
937.8607788085938 502.2779235839844
934.229736328125 507.2743835449219
934.261962890625 512.682861328125
929.1954345703125 516.195556640625
924.6725463867188 519.5527954101562
919.6577758789062 519.9136962890625
915.6640014648438 516.330078125
912.5747680664062 511.53057861328125
907.2337036132812 508.88232421875
901.9496459960938 509.9031066894531
895.9098510742188 509.2864990234375
889.7476196289062 509.6189880371094
884.4960327148438 512.4305419921875
878.534423828125 512.55908203125
874.9362182617188 508.0581359863281
870.2445678710938 504.069580078125
865.77294921875 500.1365966796875
861.4971313476562 496.819091796875
857.1511840820312 492.60711669921875
852.1511840820312 489.3132629394531
848.5208129882812 485.0137634277344
843.3956909179688 481.8760681152344
837.2400512695312 481.28497314453125
831.4105224609375 482.6868591308594
825.4821166992188 482.69989013671875
819.5292358398438 483.9529724121094
814.0536499023438 486.1163330078125
809.3464965820312 490.1014099121094
804.1635131835938 493.42803955078125
800.3048095703125 498.0286865234375
798.2355346679688 503.85479736328125
800.801513671875 506.56646728515625
805.2913818359375 508.7474060058594
807.5835571289062 514.29931640625
806.2153930664062 520.13671875
805.4969482421875 526.2719116210938
804.5198974609375 532.2719116210938
805.4283447265625 537.8651123046875
807.6629638671875 543.2501220703125
804.0282592773438 546.767333984375
801.3365478515625 552.2794189453125
796.4036254882812 555.7745971679688
790.4351196289062 556.7318115234375
784.3071899414062 555.9545288085938
778.7670288085938 557.8457641601562
773.3740844726562 559.6973266601562
767.714111328125 557.3359985351562
762.4195556640625 560.3634033203125
758.046142578125 564.73681640625
755.8734130859375 570.40869140625
751.205810546875 574.4305419921875
745.7814331054688 577.36083984375
741.053466796875 581.2296142578125
736.1336669921875 584.2850341796875
730.0704956054688 585.0897827148438
723.9908447265625 585.7850341796875
717.8339233398438 586.2076416015625
711.887451171875 585.083251953125
708.084716796875 580.3739624023438
702.0052490234375 580.1190795898438
695.8773193359375 579.3156127929688
690.166259765625 578.232421875
684.0260009765625 578.8690795898438
678.74072265625 581.0413208007812
673.373291015625 583.6213989257812
667.3713989257812 584.8593139648438
661.3078002929688 583.9432983398438
656.26708984375 580.5552368164062
653.4409790039062 575.08984375
648.6839599609375 571.320068359375
642.6906127929688 570.2871704101562
636.7879028320312 571.2422485351562
631.8263549804688 568.2871704101562
625.9721069335938 567.28271484375
621.2994995117188 567.6498413085938
617.708251953125 572.5826416015625
614.481689453125 577.637939453125
615.9171752929688 583.0906372070312
617.622802734375 588.5780029296875
618.7958374023438 594.0859375
613.8545532226562 597.7636108398438
608.7147827148438 600.2871704101562
602.5554809570312 600.0858764648438
596.5303344726562 599.5302734375
590.5460815429688 598.8547973632812
585.0262451171875 596.3143310546875
580.6522827148438 591.9412231445312
574.9525756835938 590.8482055664062
569.8406982421875 590.1287231445312
564.653564453125 588.4632568359375
559.3612670898438 590.6190795898438
555.6986694335938 594.1190795898438
550.1104736328125 596.1685180664062
545.3681030273438 600.0819702148438
540.8607177734375 602.5445556640625
536.4251708984375 605.52490234375
531.3159790039062 608.0355834960938
525.6033325195312 609.7593383789062
520.483642578125 612.1056518554688
515.9672241210938 608.7611694335938
513.60791015625 603.091552734375
509.1664123535156 605.5930786132812
503.3426208496094 605.5667724609375
497.99798583984375 603.4730834960938
495.5906066894531 598.6292114257812
491.8071594238281 594.0740356445312
489.39202880859375 588.8656616210938
484.2436218261719 585.5941772460938
478.90716552734375 583.5370483398438
473.6125183105469 585.974853515625
468.17315673828125 584.9503784179688
463.2810974121094 582.2357177734375
460.8326110839844 576.9851684570312
456.646484375 580.4437866210938
451.8977966308594 580.9212036132812
449.54937744140625 575.2224731445312
448.1107177734375 569.2320556640625
445.4969787597656 563.7360229492188
443.258544921875 558.5208129882812
442.8018798828125 552.5254516601562
441.02447509765625 546.6012573242188
436.9351806640625 542.057861328125
433.8346862792969 536.7906494140625
429.3309631347656 533.194580078125
432.6305236816406 529.6647338867188
430.8463439941406 525.953125
425.69873046875 528.530517578125
420.0242004394531 529.9268798828125
414.6264953613281 532.5596923828125
409.37249755859375 534.2866821289062
404.6036376953125 533.90234375
402.3654479980469 530.7963256835938
406.6639404296875 527.2105102539062
402.53851318359375 524.802734375
397.5356140136719 524.9984741210938
396.1533508300781 520.7113037109375
391.76214599609375 519.1945190429688
386.5580139160156 518.085205078125
387.9979553222656 512.8623046875
388.3337097167969 506.89910888671875
384.3146057128906 503.119140625
379.9835510253906 500.119140625
374.1593933105469 498.8160705566406
368.6688232421875 498.7233581542969
363.4662170410156 500.619140625
357.6768493652344 500.6083679199219
351.7215881347656 500.619140625
345.8505859375 499.3316650390625
340.5872802734375 500.0279846191406
334.8538818359375 499.82440185546875
328.8970947265625 498.6463317871094
322.7923278808594 498.2471923828125
316.7134094238281 497.6241149902344
311.5132751464844 495.875
305.7994689941406 493.953125
303.5302734375 498.40594482421875
302.8360595703125 502.98687744140625
307.37005615234375 507.1601867675781
303.39862060546875 509.68682861328125
298.3473205566406 507.0418701171875
293.7955322265625 509.3479309082031
293.5916748046875 515.212158203125
287.7796325683594 515.5648803710938
286.80810546875 520.75830078125
290.9820556640625 525.2692260742188
293.96343994140625 530.4185180664062
290.10662841796875 535.1766967773438
284.1771545410156 535.8953247070312
279.5574645996094 532.8865356445312
275.0343322753906 533.203125
269.8933410644531 530.6824951171875
266.2925720214844 525.830810546875
264.9243469238281 520.2125244140625
259.1876525878906 519.6452026367188
254.97360229492188 517.2772216796875
249.79786682128906 513.968505859375
244.04541015625 516.0659790039062
238.89254760742188 513.9744873046875
235.01817321777344 509.2843933105469
230.7835235595703 512.4531860351562
232.42083740234375 507.2704162597656
230.02981567382812 501.57049560546875
228.60202026367188 495.6452941894531
223.78456115722656 492.1020202636719
220.09588623046875 487.55157470703125
214.3526153564453 487.2871398925781
212.33660888671875 482.7078857421875
207.58255004882812 480.0354309082031
202.44100952148438 483.18304443359375
196.77281188964844 481.619140625
191.92562866210938 484.119140625
185.79403686523438 484.2022705078125
182.70462036132812 489.3099365234375
178.3799285888672 490.503173828125
175.9968719482422 485.3049011230469
175.49728393554688 479.9515380859375
171.16546630859375 482.5731506347656
165.5907440185547 484.35736083984375
161.21725463867188 488.73077392578125
158.28591918945312 492.9506530761719
153.03184509277344 495.0431213378906
151.47850036621094 499.7340087890625
153.44509887695312 504.8389892578125
151.78494262695312 509.54083251953125
156.4467010498047 513.5690307617188
157.4535369873047 518.9756469726562
158.2133331298828 525.077880859375
157.26319885253906 530.8528442382812
152.34103393554688 529.5537719726562
154.09796142578125 535.3873291015625
153.5945281982422 539.2254638671875
147.42288208007812 539.4531860351562
141.34535217285156 539.3350830078125
136.49618530273438 536.4522094726562
132.82032775878906 539.1721801757812
128.23348999023438 542.7850952148438
122.20453643798828 543.6631469726562
118.91487884521484 547.0856323242188
121.59649658203125 552.402587890625
120.16368103027344 558.3848266601562
116.69297790527344 563.109619140625
113.40927124023438 568.3388061523438
112.90177154541016 574.3548583984375
113.70320892333984 580.4487915039062
113.32839965820312 586.5875244140625
110.33154296875 590.7364501953125
104.60425567626953 590.7265014648438
99.21714782714844 589.7388305664062
97.65972137451172 583.7739868164062
96.60231018066406 577.7427978515625
93.69218444824219 572.9850463867188
90.64051818847656 567.6832885742188
92.75154113769531 562.1777954101562
89.71807098388672 557.0780639648438
85.61139678955078 553.7328491210938
80.18748474121094 551.4766845703125
77.61376953125 546.2225952148438
75.13683319091797 541.0859985351562
72.96259307861328 536.2277221679688
69.6101303100586 531.4832763671875
64.91552734375 527.7679443359375
62.40959930419922 522.1862182617188
59.60307693481445 517.2599487304688
55.437129974365234 513.179931640625
52.34223556518555 509.27911376953125
52.744789123535156 503.107177734375
52.262603759765625 496.9581604003906
49.6047477722168 491.4483947753906
49.2172737121582 485.53082275390625
46.43901062011719 480.46185302734375
46.65340805053711 474.6304931640625
51.426849365234375 474.3650817871094
55.88188552856445 475.7728271484375
60.99457550048828 473.2143249511719
67.07401275634766 473.7564697265625
67.52054595947266 468.5807189941406
69.84012603759766 465.7023620605469
74.48284912109375 467.4673156738281
80.29191589355469 468.52734375
84.35291290283203 467.434814453125
79.58531188964844 464.540771484375
76.92256164550781 460.95513916015625
82.0884017944336 457.8258056640625
87.79820251464844 458.03509521484375
92.07402801513672 462.3145446777344
96.33806610107422 463.44561767578125
100.75005340576172 459.5088806152344
102.22112274169922 454.22900390625
105.4211196899414 451.51708984375
111.1067886352539 450.11492919921875
111.779296875 445.5572509765625
109.65473937988281 440.5060729980469
106.96210479736328 435.1263122558594
102.50572204589844 431.06744384765625
102.42037200927734 425.3663024902344
99.89273834228516 420.1485290527344
94.97419738769531 416.39886474609375
92.10503387451172 411.2070617675781
91.96822357177734 406.230224609375
94.16387939453125 400.6034851074219
92.20527648925781 394.92620849609375
92.50189208984375 390.1117858886719
96.76353454589844 386.74090576171875
98.0708999633789 380.7070007324219
95.53238677978516 375.32281494140625
90.55410766601562 372.2956848144531
86.35729217529297 371.6466979980469
84.43932342529297 366.57452392578125
88.48046112060547 361.94671630859375
91.3285903930664 356.6275329589844
96.0197525024414 359.34197998046875
100.87326049804688 361.84356689453125
104.08831024169922 357.4519958496094
103.06536102294922 352.18878173828125
104.12017822265625 347.1271057128906
105.99826049804688 341.2531433105469
108.30533599853516 335.5775451660156
112.73551940917969 332.0591125488281
115.82987976074219 327.31365966796875
113.8943862915039 321.9649353027344
110.45304870605469 318.7294006347656
109.98243713378906 313.43988037109375
108.16667175292969 307.8828125
111.94386291503906 303.14154052734375
112.68647003173828 297.5738830566406
118.24320983886719 295.02972412109375
120.1879653930664 289.72564697265625
125.65003204345703 288.0151672363281
128.72801208496094 283.4610290527344
133.04808044433594 279.3356018066406
138.7700653076172 278.15692138671875
144.56881713867188 278.0263977050781
148.1029510498047 274.5636291503906
152.9708251953125 278.1583557128906
157.2191619873047 281.87109375
160.30535888671875 283.8108215332031
159.7059326171875 278.0655822753906
157.32989501953125 272.94744873046875
160.5448760986328 269.0723571777344
155.97068786621094 265.91192626953125
159.6925048828125 264.7663269042969
165.8774871826172 264.7386474609375
172.06248474121094 264.71099853515625
178.2474822998047 264.6833190917969
184.43247985839844 264.6556396484375
190.6174774169922 264.62799072265625
196.5418243408203 263.11572265625
199.32888793945312 258.8947448730469
199.8645782470703 252.73805236816406
200.69683837890625 246.78732299804688
206.5105438232422 245.72032165527344
209.16290283203125 240.81832885742188
212.16290283203125 236.68524169921875
214.11231994628906 232.33123779296875
219.09800720214844 228.8713836669922
223.9921112060547 228.02699279785156
226.91513061523438 222.57623291015625
229.712646484375 217.08456420898438
232.5159149169922 211.9332733154297
237.60455322265625 209.28628540039062
243.72579956054688 209.17623901367188
246.3299102783203 203.68276977539062
246.3299102783203 197.49771118164062
250.18177795410156 193.6929931640625
255.7138671875 190.9268035888672
261.3631591796875 190.4763946533203
267.08660888671875 192.04196166992188
271.4335632324219 192.0829315185547
273.8993225097656 194.79519653320312
277.66192626953125 197.37149047851562
276.2017822265625 198.9921417236328
273.4146423339844 200.8809814453125
275.059326171875 206.2712860107422
278.82794189453125 210.5944061279297
281.24493408203125 215.2624053955078
283.7743225097656 220.39968872070312
285.32794189453125 226.30661010742188
284.86309814453125 232.44558715820312
285.5238037109375 238.38856506347656
287.6072692871094 243.73263549804688
288.1888427734375 249.5384979248047
286.9605407714844 255.50779724121094
283.51947021484375 260.5948181152344
278.65679931640625 263.7873229980469
272.5298767089844 264.3930969238281
266.6385803222656 263.3594970703125
261.19573974609375 260.43731689453125
257.9969787597656 255.59637451171875
255.61044311523438 250.3997802734375
252.90908813476562 244.9172821044922
250.1653594970703 239.40533447265625
248.9084930419922 233.36830139160156
247.12936401367188 228.79127502441406
247.13136291503906 224.25369262695312
244.23841857910156 228.85696411132812
244.88800048828125 234.98776245117188
244.6448211669922 239.76612854003906
244.3176727294922 245.4264373779297
240.81069946289062 249.97119140625
235.81338500976562 253.30694580078125
234.0767822265625 259.1102600097656
231.1207275390625 263.9613037109375
233.0081329345703 269.84881591796875
231.12997436523438 275.25128173828125
235.50314331054688 279.62506103515625
240.1533660888672 280.56787109375
242.8909454345703 275.4848327636719
241.06329345703125 270.2183532714844
242.7073211669922 264.6519775390625
247.02395629882812 264.74945068359375
247.84616088867188 270.8793029785156
249.6487274169922 276.6070251464844
253.10250854492188 281.6314697265625
258.4694519042969 283.64788818359375
259.60235595703125 278.7102355957031
261.4420166015625 273.34173583984375
265.7389221191406 272.1393127441406
271.56683349609375 270.49365234375
277.1331481933594 272.1067810058594
283.150146484375 271.2762756347656
286.95361328125 276.1128234863281
285.4970397949219 281.07049560546875
287.9220275878906 280.5283203125
292.9869689941406 277.4347839355469
297.1325988769531 273.29864501953125
298.1662292480469 267.4057922363281
302.6007995605469 263.5680236816406
305.6545104980469 259.1583251953125
307.6630554199219 254.11053466796875
308.8017272949219 249.78631591796875
312.78387451171875 253.90713500976562
316.5557861328125 258.76959228515625
317.3290710449219 264.7242736816406
314.9416198730469 270.1727600097656
309.9064025878906 267.2087097167969
304.027099609375 268.602783203125
303.904052734375 274.3426208496094
304.8290710449219 280.3775939941406
310.6190490722656 282.3409423828125
316.2117004394531 281.2547912597656
319.2923278808594 277.4729919433594
324.9833068847656 279.1121826171875
327.697021484375 277.0559997558594
333.7789001464844 277.05615234375
339.9058837890625 277.68487548828125
345.1750183105469 279.322509765625
347.8290710449219 278.6476135253906
353.2294921875 276.4503479003906
356.8858337402344 279.7503356933594
353.38092041015625 282.63177490234375
352.22216796875 286.19158935546875
357.6060791015625 287.8524169921875
363.3709411621094 286.214599609375
368.68927001953125 288.8085632324219
373.0626220703125 290.8847961425781
378.910888671875 289.72296142578125
383.1412048339844 291.50225830078125
380.1640625 296.2511291503906
383.38604736328125 299.60406494140625
386.71380615234375 296.211181640625
390.1596374511719 293.6596984863281
392.0852966308594 288.6777038574219
393.54437255859375 283.67572021484375
398.833984375 283.9513244628906
403.0317687988281 285.8165283203125
407.1422424316406 290.42657470703125
411.5155944824219 294.7999267578125
414.6253662109375 300.0766906738281
418.80078125 304.6096496582031
422.2687683105469 309.72723388671875
423.9346923828125 315.37384033203125
428.00238037109375 317.4170227050781
430.1695556640625 312.3537902832031
431.1285400390625 308.9848937988281
428.7787780761719 303.6446533203125
427.4412841796875 298.4949951171875
424.87188720703125 293.5785217285156
429.3290710449219 289.918701171875
430.3425598144531 283.8797302246094
430.24176025390625 279.1831970214844
431.8190612792969 274.1477966308594
437.2296447753906 271.4358215332031
442.0681457519531 267.71331787109375
445.19964599609375 262.4835510253906
447.62957763671875 256.7964172363281
451.3809814453125 252.28587341308594
455.9750671386719 254.62033081054688
461.3315124511719 256.6203308105469
464.7718505859375 260.18585205078125
463.4587097167969 265.5958557128906
461.7018127441406 271.2466125488281
457.8147277832031 275.9132080078125
458.9497375488281 280.9925842285156
458.7511291503906 286.7771301269531
457.22344970703125 292.69439697265625
454.2915954589844 298.0371398925781
453.2752380371094 304.1369323730469
451.5556335449219 310.078125
450.85137939453125 315.8900451660156
454.3289794921875 320.7888488769531
451.0813293457031 325.578125
449.6219482421875 331.2824401855469
444.9764099121094 334.3069763183594
440.7843017578125 338.8309020996094
436.34661865234375 342.7252502441406
430.6170654296875 343.2075500488281
425.7053527832031 340.3325500488281
423.04180908203125 342.52789306640625
427.0305480957031 347.0060119628906
432.3785400390625 349.72735595703125
437.0927429199219 352.4552917480469
440.0010681152344 348.6947326660156
445.4822082519531 346.558349609375
451.2031555175781 344.31512451171875
453.2868347167969 339.1625671386719
457.660400390625 334.78900146484375
459.0679626464844 329.033447265625
458.53009033203125 323.0863037109375
463.0038757324219 318.9552917480469
469.16326904296875 318.56365966796875
472.4356994628906 323.0638732910156
474.428955078125 328.6866149902344
472.1116027832031 333.86260986328125
473.8799133300781 339.3360900878906
479.3062744140625 341.7811279296875
475.6528625488281 338.39129638671875
473.9308776855469 332.8608093261719
477.4696960449219 328.86639404296875
477.6444396972656 323.0799560546875
474.1581115722656 318.0889892578125
468.85650634765625 315.1898498535156
464.37164306640625 314.41278076171875
459.46490478515625 313.95428466796875
457.42864990234375 310.18975830078125
458.43890380859375 304.6040344238281
460.8878479003906 299.1409912109375
463.7790832519531 293.8393249511719
464.3582763671875 288.5426940917969
463.6658935546875 282.5367736816406
462.8128662109375 277.9715881347656
467.18634033203125 273.5981140136719
472.3594970703125 271.51922607421875
474.99591064453125 265.95654296875
475.35601806640625 260.6203308105469
476.83111572265625 264.3996276855469
476.58294677734375 270.5654602050781
473.7372741699219 275.71319580078125
473.16412353515625 281.6608581542969
476.65789794921875 286.1156005859375
481.6321716308594 286.58935546875
486.07049560546875 290.8963928222656
485.1767883300781 286.46795654296875
480.66314697265625 282.7638854980469
477.55511474609375 277.70855712890625
480.59423828125 273.7173767089844
484.9737243652344 277.8236083984375
485.9832763671875 272.5674743652344
490.713623046875 270.6971435546875
495.9960021972656 272.4521484375
500.1581115722656 275.92169189453125
501.93218994140625 280.8883361816406
507.5381774902344 282.28631591796875
506.66729736328125 277.07537841796875
503.3963928222656 273.17938232421875
500.07647705078125 268.1358642578125
501.97772216796875 262.2744445800781
500.5693664550781 256.8120422363281
504.14947509765625 252.62030029296875
510.33453369140625 252.62030029296875
515.4971313476562 253.36981201171875
521.4326782226562 253.12030029296875
527.2461547851562 251.2873077392578
530.2879638671875 248.30776977539062
526.0357055664062 244.57974243164062
530.148681640625 243.83114624023438
529.8526611328125 239.30877685546875
532.6724853515625 234.8388214111328
531.3795166015625 231.81192016601562
536.2931518554688 229.9395751953125
541.057373046875 226.63331604003906
546.4373168945312 224.1887664794922
551.9063720703125 221.94932556152344
556.3004760742188 219.44406127929688
556.6876220703125 216.67831420898438
562.76318359375 215.55323791503906
567.1469116210938 213.46572875976562
566.2882080078125 217.9952392578125
571.832763671875 216.58291625976562
575.7591552734375 213.50064086914062
579.1469116210938 212.59823608398438
576.4542236328125 208.6203155517578
582.4957275390625 207.6565399169922
582.8226318359375 203.7397918701172
583.255859375 197.72503662109375
585.5171508789062 191.9705047607422
589.8240966796875 187.74058532714844
594.666015625 187.5876007080078
598.1996459960938 190.65377807617188
594.26025390625 195.28822326660156
598.4186401367188 196.55789184570312
603.8519897460938 196.30809020996094
603.3378295898438 200.9134979248047
607.9887084960938 202.91531372070312
608.6319580078125 198.32022094726562
614.4473266601562 196.9203338623047
619.2402954101562 196.3644256591797
624.1051025390625 197.50416564941406
627.727294921875 202.215087890625
632.01953125 204.14463806152344
631.003662109375 208.15652465820312
632.6198120117188 210.2886505126953
635.4469604492188 215.00352478027344
633.531005859375 220.4387664794922
630.3904418945312 225.72601318359375
626.2833251953125 230.3428497314453
624.807861328125 236.17030334472656
621.7755126953125 241.26573181152344
618.9706420898438 245.79393005371094
615.6070556640625 250.1774139404297
612.6177368164062 255.25216674804688
612.5771484375 259.64044189453125
614.414794921875 255.09710693359375
620.0938110351562 252.85995483398438
624.0914306640625 248.88719177246094
628.9924926757812 245.49073791503906
626.8338623046875 241.92605590820312
629.0222778320312 237.80686950683594
635.059814453125 238.81178283691406
639.0073852539062 236.60472106933594
641.9971923828125 238.19642639160156
644.9586181640625 242.7852783203125
645.1503295898438 239.46714782714844
649.7431640625 235.39266967773438
655.4911499023438 233.2969512939453
661.5109252929688 231.9159698486328
664.6173095703125 233.83416748046875
668.7696533203125 236.9542999267578
672.7113647460938 234.22406005859375
676.6879272460938 236.24778747558594
681.69189453125 232.74085998535156
686.6705932617188 230.68215942382812
685.2548217773438 224.7401123046875
683.7865600585938 219.16665649414062
686.5501098632812 217.91612243652344
691.2861938476562 218.78036499023438
695.41259765625 218.08778381347656
698.3602905273438 215.15664672851562
702.9844360351562 215.5049285888672
708.2515869140625 216.1495361328125
708.7593994140625 220.53634643554688
711.6632080078125 224.940673828125
716.0745849609375 224.86476135253906
714.6615600585938 229.51939392089844
715.908447265625 232.97979736328125
718.6632080078125 234.942138671875
723.440185546875 237.06239318847656
728.3285522460938 240.71435546875
733.7243041992188 240.25291442871094
736.9642944335938 238.93214416503906
735.2838745117188 233.0045928955078
733.4220581054688 227.37924194335938
733.55810546875 223.2877655029297
738.7537841796875 225.92869567871094
744.8082275390625 224.95338439941406
745.7029418945312 220.54666137695312
749.3099975585938 215.98440551757812
755.411376953125 215.12490844726562
759.1632080078125 213.82106018066406
756.4454345703125 210.6713104248047
761.6563720703125 208.62001037597656
762.0784912109375 204.53469848632812
757.6632080078125 200.71116638183594
755.8781127929688 198.39552307128906
752.8302001953125 198.92308044433594
755.455810546875 193.89987182617188
753.9635009765625 189.36122131347656
756.0596923828125 186.28636169433594
761.7787475585938 184.31251525878906
765.068115234375 179.65206909179688
770.8323364257812 177.4129180908203
775.496826171875 177.25465393066406
771.7813110351562 181.57081604003906
774.41455078125 182.20303344726562
779.5863647460938 181.0961151123047
778.8872680664062 187.17529296875
781.6632080078125 183.10813903808594
780.7669067382812 177.00624084472656
782.4127807617188 171.11294555664062
787.3173217773438 167.85853576660156
792.7987670898438 167.18016052246094
791.601318359375 171.59768676757812
796.8009033203125 172.96299743652344
800.9547729492188 172.5247344970703
802.00927734375 169.76109313964844
807.4312133789062 168.1207733154297
813.20849609375 168.57606506347656
817.3971557617188 164.03707885742188
819.3302001953125 158.52999877929688
821.8173217773438 153.10647583007812
825.7490234375 148.36846923828125
829.8118286132812 143.7127227783203
835.73388671875 142.45046997070312
841.4244384765625 143.381591796875
845.7978515625 147.7556610107422
851.05712890625 147.40847778320312
856.3643798828125 144.871337890625
856.277099609375 140.6734161376953
859.1632080078125 135.68382263183594
860.4680786132812 129.8228759765625
865.3302001953125 127.083740234375
867.8098754882812 122.16911315917969
870.4930419921875 116.9709243774414
868.5210571289062 111.8928451538086
869.0070190429688 106.61048889160156
873.3804321289062 107.5035629272461
872.9199829101562 111.87711334228516
878.606201171875 112.66337585449219
884.2973022460938 110.25408172607422
888.2975463867188 106.7003173828125
884.0635375976562 103.1548843383789
878.2918701171875 101.53364562988281
873.6783447265625 99.62134552001953
871.8405151367188 95.8504409790039
875.3119506835938 91.56812286376953
879.3336181640625 88.12134552001953
880.1351318359375 83.37460327148438
100
946.8121337890625 383.9307861328125
945.0198974609375 382.4085693359375
945.0525512695312 379.6743469238281
948.0557250976562 380.48260498046875
950.6341552734375 381.974609375
952.2275390625 384.5871887207031
954.8058471679688 386.0777587890625
957.339111328125 387.29486083984375
959.1495361328125 389.6269836425781
961.765380859375 391.3091125488281
964.5335083007812 392.02117919921875
966.1356811523438 394.6627197265625
967.2156982421875 397.5791931152344
969.3401489257812 399.82598876953125
971.5052490234375 402.05853271484375
973.667236328125 404.2941589355469
976.6278076171875 405.1717529296875
979.5305786132812 406.2879638671875
982.0090942382812 408.10491943359375
984.420654296875 410.0508117675781
987.1357421875 411.56756591796875
989.7074584960938 413.2890319824219
992.0809326171875 415.29254150390625
994.843505859375 416.72100830078125
997.5547485351562 418.2414245605469
1000.1751708984375 419.9077453613281
1002.6986083984375 421.6812744140625
1005.5929565429688 422.8190612792969
1005.0587768554688 425.3282470703125
1002.4407958984375 426.8373718261719
999.38525390625 427.1908264160156
999.6978759765625 430.0228271484375
999.158203125 433.05364990234375
1000.28076171875 435.8293762207031
1002.0517578125 438.380615234375
1003.4183349609375 441
1003.472900390625 444.0948791503906
1004.9270629882812 446.6576232910156
1007.1259155273438 448.85699462890625
1009.5001831054688 450.83935546875
1012.3543090820312 451.70587158203125
1015.2078857421875 452.32513427734375
1017.6790771484375 453.86785888671875
1019.8816528320312 455.3018798828125
1022.1635131835938 456.683837890625
1024.803466796875 455.62213134765625
1027.315185546875 455.7801818847656
1029.7191162109375 457.66632080078125
1031.3125 460.28314208984375
1029.017822265625 460.38677978515625
1026.237060546875 459.380126953125
1023.7408447265625 460.8618469238281
1020.915771484375 461.2788391113281
1020.0184326171875 464.1911315917969
1021.0154418945312 467.0709228515625
1023.1080932617188 469.34423828125
1024.410888671875 472.1682434082031
1022.774658203125 474.31011962890625
1020.738525390625 472.61871337890625
1018.5689697265625 470.39288330078125
1016.3130493164062 468.2525939941406
1014.039306640625 466.1307373046875
1013.724365234375 463.1575927734375
1011.5678100585938 460.9410705566406
1009.3688354492188 458.7417907714844
1007.301025390625 456.4277038574219
1005.611083984375 453.8310546875
1004.1845092773438 451.06756591796875
1002.0843505859375 448.8094787597656
999.591552734375 446.9875793457031
996.776123046875 445.712890625
994.5313110351562 443.9660339355469
993.2025146484375 441.1541748046875
991.575927734375 438.5186462402344
989.7496948242188 436.00128173828125
987.9234619140625 433.48394775390625
985.8448486328125 431.1820068359375
983.6459350585938 428.9826354980469
981.4468994140625 426.783447265625
979.2733764648438 424.5623779296875
977.4336547851562 422.0549011230469
975.6708374023438 419.49591064453125
973.9342041015625 416.974853515625
971.0955200195312 415.7044372558594
968.2542724609375 414.43975830078125
965.4005126953125 413.20355224609375
962.3922119140625 412.5486755371094
960.3255004882812 410.442138671875
958.496337890625 407.92694091796875
957.855712890625 405.06915283203125
955.6569213867188 402.8697509765625
953.8342895507812 400.3905029296875
952.1362915039062 397.92083740234375
949.1754760742188 396.9690856933594
949.351806640625 394.4573669433594
949.8760375976562 391.81707763671875
952.851318359375 392.7224426269531
953.3402099609375 389.73779296875
951.5003662109375 387.3898620605469
949.7075805664062 385.0221862792969
100
1.4632657766342163 433.83416748046875
0.45965635776519775 432.96337890625
-0.5804434418678284 432.1363220214844
-1.660295844078064 431.3621826171875
-2.8764402866363525 430.97564697265625
-4.2048726081848145 430.9424133300781
-5.531889915466309 430.94091796875
-6.852096080780029 431.09222412109375
-8.035677909851074 430.58441162109375
-9.244446754455566 430.0523681640625
-10.469066619873047 429.56170654296875
-11.519622802734375 429.72186279296875
-12.27131462097168 430.7010803222656
-12.12924575805664 432.0223083496094
-10.991058349609375 432.6623840332031
-9.734071731567383 433.0858459472656
-9.026994705200195 434.067138671875
-8.577535629272461 435.3176574707031
-8.376219749450684 436.62371826171875
-8.437365531921387 437.9276428222656
-8.724687576293945 439.2080078125
-8.578606605529785 440.52880859375
-8.783266067504883 441.8132629394531
-9.27087116241455 443.0121765136719
-10.461100578308105 443.6031188964844
-11.568899154663086 444.306396484375
-12.527750015258789 445.1874084472656
-13.848447799682617 445.3343200683594
-14.626405715942383 446.3357238769531
-15.201629638671875 447.48577880859375
-14.852943420410156 448.76806640625
-14.487279891967773 450.0451965332031
-14.062833786010742 451.304443359375
-13.098577499389648 452.1490783691406
-11.991470336914062 452.884033203125
-10.752552032470703 453.0790710449219
-9.431330680847168 452.9369201660156
-8.197421073913574 452.5044250488281
-7.009271621704102 451.909912109375
-5.804025173187256 451.3502502441406
-4.570024490356445 451.1322021484375
-3.296654462814331 451.50140380859375
-2.1827521324157715 452.22601318359375
-1.114302635192871 452.99237060546875
-0.47457319498062134 454.15570068359375
0.40110939741134644 455.1498107910156
1.439342737197876 455.9508361816406
2.6952712535858154 456.3849792480469
3.963254928588867 456.75067138671875
5.291935920715332 456.7716064453125
6.620631217956543 456.7856750488281
7.949366092681885 456.7682189941406
9.278100967407227 456.7507629394531
9.903436660766602 457.87213134765625
10.482697486877441 459.06805419921875
10.972756385803223 460.3025207519531
11.687311172485352 461.3488464355469
12.803315162658691 462.0702209472656
13.919319152832031 462.7915954589844
15.081378936767578 463.3978271484375
16.38701057434082 463.6451110839844
17.692649841308594 463.89239501953125
18.61075210571289 463.2620544433594
19.307525634765625 462.1305236816406
20.56283187866211 462.20745849609375
21.87616729736328 462.409912109375
21.534568786621094 461.767822265625
20.600013732910156 460.8231201171875
19.66545867919922 459.87841796875
19.212236404418945 458.65509033203125
18.493892669677734 457.54638671875
17.322275161743164 457.0722961425781
16.010013580322266 456.863037109375
14.748196601867676 456.5064392089844
13.583066940307617 455.867431640625
12.417937278747559 455.2284240722656
11.467556953430176 454.35870361328125
10.746696472167969 453.24237060546875
10.025835990905762 452.12603759765625
9.587387084960938 451.0125732421875
10.330635070800781 449.9110107421875
10.979785919189453 448.7693176269531
11.260608673095703 447.470458984375
11.541431427001953 446.171630859375
11.481456756591797 444.8594665527344
11.303008079528809 443.54266357421875
10.69442081451416 442.4525146484375
9.763628005981445 441.5603942871094
9.907176971435547 440.2725524902344
10.203444480895996 438.9771423339844
10.06941032409668 437.80560302734375
9.129755020141602 436.8659973144531
8.687276840209961 435.7134094238281
8.655281066894531 434.3849182128906
7.8871026039123535 433.6960754394531
6.664488792419434 433.61297607421875
6.270599842071533 434.79693603515625
4.947386264801025 434.6746826171875
3.6347203254699707 434.8452453613281
2.418686628341675 434.75775146484375
24
21.541 258.137
24.135 258.719
26.358 258.084
27.205 256.443
29.216 256.761
31.096 258.64
31.175 261.207
32.71 261.684
33.028 263.695
35.41 264.119
35.939 262.213
34.643 260.916
35.754 259.805
36.469 260.52
38.745 262.425
38.745 265.283
38.427 267.771
39.75 269.941
41.074 270.841
41.55 274.07
40.386 276.505
34.828 279.311
26.411 269.306
21.541 258.137
121
385.329 190.478
387.144 192.293
389.413 192.293
389.413 190.024
392.74 191.234
394.404 189.419
396.068 187.453
398.186 187.453
401.815 185.79
404.387 186.697
408.168 186.697
410.664 184.201
413.613 184.428
414.974 186.395
418.15 186.395
419.663 187.907
422.386 187.15
426.167 187.15
428.663 184.655
431.612 183.067
435.544 181.554
439.174 181.554
441.292 184.882
441.292 188.512
438.116 191.386
435.242 194.108
431.461 194.411
426.923 196.528
422.839 195.016
420.873 196.982
416.184 196.831
410.134 196.831
407.865 199.251
403.177 199.251
399.698 201.217
400.757 203.637
398.336 204.544
395.463 204.242
392.892 204.242
392.589 205.906
389.867 205.149
389.867 207.872
387.144 209.838
384.875 211.502
384.875 208.931
383.06 210.595
383.514 213.62
381.699 213.62
380.413 212.334
380.413 213.771
380.413 216.04
379.09 214.716
377.389 216.417
375.951 217.855
373.984 217.855
372.472 219.821
370.506 223.148
367.33 223.148
364.758 225.266
364.758 228.14
362.187 229.199
361.279 232.224
359.162 234.341
359.162 238.123
358.103 240.845
359.464 244.777
358.254 248.71
359.918 251.281
360.674 254.004
359.767 254.912
357.196 256.122
357.196 254.155
354.776 252.794
354.776 252.794
353.112 252.794
351.297 250.071
350.239 250.676
347.063 247.651
344.642 245.08
345.55 242.357
347.97 241.601
348.877 240.089
347.213 238.728
347.365 235.097
346.306 234.795
345.247 232.072
342.979 231.921
341.164 229.35
341.769 226.022
344.188 222.695
347.063 222.997
347.97 224.056
349.028 224.51
349.482 222.543
352.961 221.485
355.684 218.611
353.869 216.645
356.289 215.132
359.011 216.191
359.768 213.922
359.768 211.653
363.246 211.653
364.91 213.317
366.649 211.578
367.027 209.99
370.809 209.233
369.523 207.948
366.271 206.813
366.271 205.604
370.053 204.544
373.985 203.486
375.951 201.52
378.522 201.52
378.522 199.705
382.153 199.553
380.187 197.587
383.363 197.436
384.573 198.646
384.421 195.621
385.934 194.108
384.27 192.142

